
1.638026 -1.325207 0.418810 0.990998 0.680165 0.888614 -0.513313 0.887057 
2.220485 -0.083868 -2.032181 1.012740 1.241637 1.126798 0.519010 -0.522382 
0.632935 -1.357980 0.109263 -0.974810 2.910187 0.989221 -0.338509 0.332570 
1.257266 -0.830821 -0.468610 0.614135 1.448545 -0.496499 -0.351883 0.603463 
-2.108137 1.266868 0.616822 0.116941 1.716492 -1.186237 -0.410862 2.767732 
1.083362 1.359387 -0.258411 0.417422 0.091599 -1.264758 0.873763 -0.373852 
-0.082195 1.094866 0.211049 0.577483 -0.725696 -0.720415 2.179226 0.340673 
0.360989 -1.045882 -0.363191 -0.325077 0.311164 -1.406449 -0.374430 -1.999174 
0.139082 -0.220127 1.420114 0.002531 0.565484 1.287747 1.314323 -0.149494 
-0.788478 -0.586998 1.223641 0.849097 1.838150 1.301576 0.785851 -0.127856 
-0.103446 -0.469326 0.233089 -0.574044 1.450463 0.675325 -1.521625 0.610640 
-1.125530 1.006186 -1.202742 -0.697243 -0.005856 2.303961 0.957669 0.166510 
-0.819380 0.012604 0.001641 0.342673 -0.574885 -1.489638 -0.053379 -0.868520 
0.485702 -0.067994 0.003841 -0.220430 -2.770451 0.066651 0.551049 -0.209031 
-0.279605 0.789991 0.391302 -0.216874 0.584908 -1.442964 -0.729604 -0.557645 
0.520207 -0.873528 2.018270 -0.611453 1.597862 -0.760949 -1.911393 1.368642 
-0.061367 -0.079930 0.499547 0.404713 1.409565 -0.081053 -0.522352 0.678768 
0.862635 0.278703 -0.108680 -1.077974 -0.201190 0.726346 1.315862 -1.546369 
1.487835 0.029159 1.033773 0.957128 1.661266 0.706201 -0.179074 1.085828 
1.164198 -1.606240 0.581605 -0.754154 -0.280665 -1.158202 -2.133573 0.710242 
-1.346371 0.164356 1.161425 1.180400 -1.906438 -1.783744 0.604314 1.167595 
-0.334249 0.794353 0.859901 0.190381 -0.017280 -1.435830 -0.330572 0.236147 
-2.113386 -0.854907 0.248915 -1.221051 1.044073 1.178896 1.325319 1.484084 
0.735356 -0.990624 -1.233002 -0.097135 0.852439 0.532281 0.236782 -0.908133 
-1.447412 -0.213287 2.152049 1.871389 0.449687 -1.209656 -0.270051 -0.304296 
-0.906197 -1.451248 -0.247886 -0.767203 -1.253421 -1.017998 -0.720180 0.051130 
0.154891 0.299045 -0.920308 1.302645 -0.063188 -0.903402 0.564816 -0.088060 
-0.370626 -0.916475 -1.696582 0.218364 -1.307843 -0.140518 -0.693697 -0.718620 
-1.538452 0.204470 1.263091 -1.001257 -0.858645 0.845468 0.322493 1.008287 
0.083430 -0.851571 -1.427745 1.224335 0.527029 -1.141330 -0.859778 -0.049664 
-0.311864 1.741907 -0.092709 -0.237977 2.001307 -0.494356 0.583208 -0.739422 
1.898783 -0.490905 -1.301833 -0.664606 0.722548 0.082380 0.408549 0.060802 
0.585636 -0.147718 -1.382177 -0.405298 -0.658603 -0.360881 -2.777921 0.422089 
0.142271 -0.365611 -0.632283 -2.014778 -0.546571 1.166807 0.608966 1.745256 
-0.690761 -1.350956 1.366556 0.289109 -0.881313 0.825785 -2.540236 0.814940 
-1.545270 -0.521997 -0.638578 -0.077026 0.141400 0.035154 1.241018 -1.368089 
-1.079246 -0.542908 0.729459 -0.534100 1.950975 1.429752 -2.572320 -0.227205 
-0.114318 1.759750 1.159628 1.261787 -0.328429 -0.292437 2.333897 -0.868319 
1.247885 1.563929 -1.419845 0.572730 -2.035762 1.379033 -0.291421 0.666011 
-0.078919 0.251095 -0.919852 0.163103 0.953113 0.666997 -2.043738 -0.702574 
0.180211 -1.103291 -0.189231 0.395059 -0.693620 0.542595 -0.749226 1.291436 
1.582134 1.016971 -0.142305 2.019716 1.255983 0.576237 0.328743 -0.815551 
1.778555 -2.248657 1.477405 -0.817137 0.149864 -1.673045 0.219981 0.989837 
-1.137446 0.804501 -1.752367 0.460427 0.775475 0.261882 -0.323024 -0.141399 
0.615300 -1.387462 -0.460033 0.065316 -0.677874 0.295366 -2.012712 -0.036224 
0.375908 -0.930929 -1.237474 -0.557728 1.413312 0.673887 0.034391 1.313417 
0.751778 0.543818 -1.186256 -1.568547 -0.425513 -0.184367 1.605541 -1.164382 
-0.506416 -0.102379 0.628020 -0.652365 0.082883 0.133724 1.549968 -0.028495 
-0.520228 -0.999348 -1.556520 -0.753359 -1.888909 -0.137706 1.509723 -1.594306 
-1.855147 0.399170 0.019101 -1.203092 1.392931 0.311453 1.954955 -1.011259 
2.028619 -0.453336 -0.510957 -0.005196 0.301614 -0.106997 0.463529 -0.042806 
-0.799424 0.309375 -0.416520 -0.673111 -0.750591 1.288112 -1.100409 0.207537 
-0.218712 -0.542269 0.722372 0.433447 -0.442725 0.634346 -0.916853 -1.474743 
-1.614136 -1.206968 -1.024266 0.158334 0.324469 -1.793349 0.465815 -2.411732 
0.345580 -0.818909 -1.680987 -0.418258 -0.205431 0.219026 0.975152 1.002491 
1.367809 -0.791318 -1.348635 0.897693 -1.351889 -1.161649 -0.575344 -1.785941 
-1.311669 0.530855 -0.581141 0.996164 0.230817 0.032143 2.555843 -1.124929 
0.608786 -1.730937 0.852965 0.581921 -0.322544 -0.024032 -1.262316 0.051105 
0.245574 0.852351 -0.925859 -0.013721 -0.642715 1.571255 -0.753609 -0.746378 
-1.548781 -0.507885 0.851116 -0.840013 -0.880574 -0.046658 0.566339 -1.040014 
0.075405 0.907441 -0.121830 0.126933 -0.739041 -0.555317 0.991768 -0.058948 
1.116328 0.249276 0.030945 0.642834 0.046077 1.031229 -0.556680 -0.138021 
0.861881 0.155964 0.235529 -0.404632 0.608464 0.880801 0.417713 -0.041748 
0.160648 -1.590410 0.693781 -1.041850 -0.270615 -0.549576 0.819236 0.218372 
0.893402 -0.524290 0.208666 -0.960840 -0.177026 0.124392 -0.359716 0.255231 
-0.614024 -1.242038 0.578892 0.756933 1.048804 1.062429 -0.013935 -1.321988 
2.312241 -0.136691 0.986096 -0.541398 -0.863703 -1.766428 -0.186967 0.047355 
-0.984061 -0.930953 0.461442 0.343426 1.029380 0.533597 1.274482 0.237708 
1.713835 0.604063 0.255497 0.487138 -0.701114 -0.159457 1.076678 1.658275 
-0.375690 -0.511384 0.031484 -0.041552 -1.115587 -0.697229 -1.155740 1.440877 
-0.637104 0.585926 0.245485 -3.012365 0.322919 -0.724872 -1.210539 -0.593446 
-0.329573 0.748413 -0.931220 -0.622303 -0.541317 -0.665762 -0.544991 0.225090 
0.088037 -0.820766 0.216683 1.086151 -0.532906 0.168224 0.721863 -0.061259 
-0.182756 -0.987099 0.439346 0.255073 1.372996 -0.703921 -1.040463 -0.809451 
0.100489 -0.613028 -0.408374 0.092646 0.243585 -0.125869 -0.941432 -0.405684 
0.373168 -0.413751 -0.005245 -0.345084 0.583228 -0.893074 1.123730 -0.009094 
-0.718002 -0.092932 -1.252961 2.150087 0.866358 0.772117 -0.879161 0.088542 
-0.216486 -0.151855 -1.440142 -0.612290 -0.028360 -0.087173 0.009391 1.051613 
-2.135267 0.536124 -2.324341 0.593242 0.599752 -0.604752 -0.708820 1.321778 
0.567263 0.441302 0.262777 2.289626 0.140042 -1.238223 -0.416767 0.835639 
0.317051 1.925198 0.306471 0.439012 -0.550002 -0.270503 1.851582 0.788910 
0.963087 -0.807830 1.069962 1.524770 -0.234990 0.618717 0.004407 0.491445 
-1.275230 0.959436 -1.496899 0.376274 0.372210 1.250250 1.192795 0.239905 
0.596786 -0.364714 1.100372 0.342440 0.663320 -0.688200 0.509002 -0.888675 
-0.929863 2.049427 -0.141626 -1.238947 0.220536 -1.607753 -0.576254 -1.173208 
0.229941 -1.569640 -1.069431 0.252095 0.618206 -0.683798 -1.253953 -0.065576 
-0.352241 0.123406 0.356331 -0.719364 -0.079622 1.027483 -0.693806 -0.988395 
-0.390624 -1.515949 -0.071101 0.601702 0.164012 2.314719 -0.783087 0.915670 
0.955707 0.188428 -0.153392 1.260206 -0.726506 -0.585380 0.891540 0.678462 
1.207832 1.152124 1.638429 0.923196 0.166691 -0.156663 -0.507570 0.967394 
0.232585 -1.226819 -0.543796 0.933861 0.611184 0.819359 0.224078 0.444577 
-0.130444 0.360201 -0.038929 -0.040543 1.749932 1.657465 0.375039 -0.185051 
-0.480382 -0.158580 0.950004 1.031729 -0.971901 -1.350585 -0.820284 0.584243 
-0.446627 0.609575 1.055008 -1.414434 -1.191610 -0.559841 -2.031493 -2.122054 
0.977403 -0.458248 0.258721 -1.660104 -0.612223 0.574531 0.197926 -0.847781 
0.611619 -1.097642 0.706215 -1.065834 0.270239 -0.437869 0.493034 0.144993 
0.464673 0.812854 0.232288 0.114439 -0.272795 0.273660 1.347042 -0.160221 
0.777589 -1.015097 -0.441597 0.451920 1.006242 0.894740 -0.423528 1.771323 
0.414838 1.814621 -0.438245 -2.281212 0.242918 -0.536448 -0.210746 -0.764031 
-0.468936 1.466538 -2.216663 0.016935 -0.027889 2.716878 -0.504270 -0.535740 
-0.691322 -0.807321 -0.942976 -0.041933 -0.891460 0.600536 -0.770939 0.670279 
0.373230 1.629836 -0.054654 0.668177 -1.326508 -1.172957 -0.204862 0.768995 
-0.154685 0.668162 -0.552417 1.635694 -0.780590 0.113644 1.901383 -0.402400 
1.612416 -0.606971 -0.588275 0.026374 -0.051484 -0.286547 -0.717737 -0.474116 
0.400567 0.633157 -0.784295 -1.187460 -0.451750 -0.672662 0.752166 -0.270255 
-0.496862 -0.342482 -0.230949 1.927684 0.941861 -2.156228 1.690500 -0.116093 
-1.807704 -0.401200 -0.254897 0.326675 0.848623 -0.326512 -1.031201 1.340213 
-0.088713 -1.038566 -2.107764 0.806975 -0.634811 -0.251670 0.808640 -1.159326 
1.238845 0.213534 -0.610475 -0.147501 0.443134 -1.340460 -1.053534 1.954047 
-0.900850 0.738762 -2.298617 -0.967325 0.925798 0.458482 -0.162605 -0.672238 
-1.854015 1.505086 -0.229580 0.192428 -1.045637 -0.964484 -1.102431 0.934024 
0.316787 1.868244 -0.213730 1.444676 0.613073 0.449590 -1.789157 -0.417542 
0.619179 -0.059950 -0.513884 -0.973480 0.356758 0.784184 0.262866 1.432486 
0.924862 0.479413 -0.873908 -0.414275 -0.539695 0.070262 0.658899 -1.850743 
-0.991040 -0.182952 -0.647012 0.157990 0.392704 -1.383917 0.251975 1.309679 
0.858760 0.899092 0.737007 1.753272 1.527078 0.123948 -0.295212 0.003198 
-0.451320 -1.128322 0.743882 0.160293 1.588406 -0.127858 0.868657 -0.773625 
-0.072050 -1.214703 -0.018542 -0.423781 -0.704697 -0.884875 0.825558 0.869519 
0.292997 -1.571307 -0.073914 1.586739 -0.209239 1.467884 -1.109444 -0.181303 
1.012223 -0.227290 0.565074 -1.558606 0.357472 0.948041 0.890929 -0.496237 
0.110846 -0.413060 -0.353767 0.666664 2.571080 0.348680 -0.936766 0.091975 
1.613664 -0.615167 -0.563634 1.601774 -0.175300 0.314415 1.665405 0.062084 
-0.393489 -0.043268 -0.545810 -1.003368 0.229639 -0.808563 -1.600510 -0.414612 
0.176104 -0.912206 -0.941867 -0.417196 0.280697 -0.121020 -0.843869 -0.085984 
1.086131 0.000685 -0.081072 1.821412 -0.353010 -0.761472 -0.051258 0.052865 
-0.198734 1.339178 -2.127939 0.312089 2.153857 1.693673 -0.486942 0.508371 
-0.628288 0.599429 -0.334266 -2.654738 -0.934878 -0.325432 -1.060054 -0.212235 
-0.399323 1.030664 0.362741 -0.967034 1.163078 -2.253552 0.278892 0.962656 
1.447291 -0.049209 -1.055723 -1.052525 -0.431354 -0.046945 0.942428 0.394134 
1.232482 -1.931108 -0.646448 -0.425214 -1.381182 -0.432101 -0.403948 0.570125 
-1.126927 0.534566 -0.182006 1.297836 -1.074017 1.751674 0.023822 -0.304042 
-0.492765 -0.325904 -0.104757 0.319503 -1.076368 0.247541 0.802977 0.810581 
-0.219648 1.300980 2.517860 -0.548797 1.013979 1.046481 2.073908 0.249546 
-0.881896 1.839663 -1.323832 1.352139 -0.443268 0.332296 -0.037277 1.119138 
0.872229 0.461313 -0.756168 1.360034 -0.668613 -2.828556 1.236256 0.055637 
0.043448 -1.549844 0.240354 -0.526309 0.426720 -1.246877 0.415511 0.323840 
-0.070326 -1.187493 -0.381414 0.108535 -1.025530 -0.301230 -0.592168 -0.492865 
-0.076706 0.427708 0.206323 -0.019733 0.162091 0.404183 -0.336549 0.605892 
-1.185562 -0.947871 0.284370 -2.395062 1.829147 -0.203446 -1.301341 -2.449612 
-0.588797 -0.630097 0.592627 0.576543 0.256055 -0.503072 -0.408364 -0.264103 
0.318140 0.144913 0.839617 0.585867 -0.166992 0.837234 0.340218 -0.463918 
1.874918 -0.210684 0.947416 -0.307906 -0.915758 2.411224 -0.557988 -1.678979 
0.226178 1.543595 -0.908997 -0.278666 0.690603 0.351366 1.229721 -0.202858 
1.102604 0.797271 0.730826 -0.629500 0.131602 -1.303768 1.269075 -1.544928 
0.244295 0.794112 -0.240826 0.676608 -0.690385 0.883460 0.143532 0.130155 
1.203959 1.751669 0.087588 1.081641 0.254258 0.125372 1.093385 -0.810766 
1.740642 0.088059 -0.205422 -0.676400 -1.508884 -1.586298 1.280805 1.206557 
-1.126550 -1.975698 0.345483 0.707600 -0.076046 -1.290339 2.173232 -0.398136 
-0.589134 0.927655 -1.093991 -1.400535 -0.425586 -0.862179 1.561467 0.743715 
-1.114653 -0.425972 2.160613 0.786138 0.530840 0.093044 -0.076144 -0.210186 
1.784661 0.236981 -0.270319 -0.426389 -0.250328 0.844684 -0.806923 -2.426664 
-2.290982 0.708790 -0.179619 0.741402 0.020679 0.492053 -0.933002 1.304894 
-0.141765 0.764253 -0.607800 0.696992 -0.695890 -0.571087 -0.823277 -1.028904 
2.691935 -1.323674 0.012923 0.126246 -0.389389 -0.187905 -0.556422 -1.041562 
-0.886909 -1.260746 0.223972 1.097016 0.170669 -2.195743 -0.027446 0.936124 
-1.733346 -1.229887 -0.212859 -0.506477 0.882591 -0.394166 -0.225707 -0.215258 
-1.066587 -0.668864 -1.499494 0.475118 0.191573 0.398702 0.826585 1.151273 
-0.696619 -0.165187 0.382648 -0.245815 0.588032 0.464959 -0.069523 0.465810 
-0.441266 -0.661774 0.534413 -0.614926 0.111911 2.292204 -1.373585 0.174062 
-0.433391 -0.204819 0.071825 0.253576 1.956555 0.544626 -0.251210 -0.471213 
-0.729004 0.281472 1.248745 -2.190055 0.653925 1.651792 0.027473 0.092125 
1.480784 -0.690613 -0.420238 0.445442 -0.739300 0.066833 -2.016501 -0.191908 
-0.397177 -0.888692 0.240071 0.676156 -1.263914 1.223234 0.011663 -0.162005 
-0.090736 -0.364755 0.623850 0.254888 -1.022829 -0.327227 -0.230332 0.708836 
-0.634010 1.034963 -0.411569 -0.025205 0.486237 0.308685 -0.881089 0.202143 
-2.701400 1.839940 0.092441 0.936147 -0.879349 0.842386 -0.603253 0.206535 
0.834329 0.425609 0.264050 -0.219229 1.272788 0.754173 0.686858 -0.220531 
-1.743283 0.555348 1.883644 -0.070332 -0.611626 0.060322 1.166840 0.301489 
1.074646 0.830381 0.910895 1.344428 -0.058633 -0.731645 0.766669 -0.297567 
-0.299590 0.600819 0.971173 0.056339 -1.750970 0.507813 -0.115166 0.685059 
-0.346472 0.222923 -0.835752 2.551948 -0.378050 0.085908 0.825775 -0.029703 
-1.063222 -1.228215 -0.514037 -0.043540 1.106227 -0.239101 -0.477681 -1.230365 
0.931850 -0.810178 -0.385344 3.196777 1.149264 -0.695726 0.557466 0.506317 
-0.175930 -0.579631 -0.812149 -0.820764 -0.962307 0.065755 0.308812 0.251165 
-1.388486 0.527204 0.308121 0.376852 0.344926 -1.184021 0.021211 -0.038037 
-0.683614 -0.891907 0.885591 0.088508 -0.294210 -0.320143 2.238662 -0.105893 
-2.088245 0.445894 -1.680277 0.764945 0.498205 -0.860362 0.014347 -1.627635 
-1.181777 -1.164071 0.627842 0.214233 -0.691391 0.772090 1.434274 0.459529 
0.767274 -0.918588 -0.468834 0.976998 -1.287608 1.527711 0.197955 1.255885 
-1.778360 1.492071 -0.219611 0.643706 0.695381 0.254572 -0.462766 -0.910805 
0.837918 -1.137859 -1.847166 -0.304217 0.406890 -0.037616 1.173866 -0.014492 
0.474515 0.654100 -0.195759 0.188687 -0.994302 1.172682 1.198120 0.594412 
-1.602875 -0.189606 0.763987 1.479697 -0.194612 -0.496654 -1.160267 1.750242 
1.599050 -0.523636 -1.622308 -0.438277 -0.655494 1.720821 -1.512617 -1.890006 
0.802472 1.012665 -0.930478 1.025437 1.221926 -0.279404 0.397835 0.905798 
-0.297552 0.572891 -1.572665 -2.599060 0.765849 1.235171 0.154290 0.993167 
-0.189643 -0.803647 -1.409727 -1.245579 0.450367 -0.840990 1.394053 1.538184 
1.461121 0.696213 0.026689 0.200390 -0.701117 -0.722528 -0.147263 1.129558 
2.107220 0.095332 -0.973741 0.243418 0.066735 -0.254650 1.266331 0.186850 
0.534056 -0.976115 -2.387805 -0.281945 0.400247 0.213373 -0.087064 0.348801 
0.058678 -0.598787 -0.564445 -0.792943 2.956345 -0.541157 0.538174 -0.376277 
-0.075995 0.461960 -1.120332 0.831794 -0.358995 -0.882117 0.169000 0.366161 
0.910097 0.142536 -1.009602 0.138303 0.445704 0.439321 -0.563364 -0.211309 
1.103290 0.196323 -2.224741 -1.208155 -1.669894 -2.334594 -1.742857 -0.441259 
-1.991281 1.400159 -0.989634 -0.437646 0.922703 -1.380921 1.116274 0.190559 
-1.360517 -0.120740 0.443987 2.732224 -1.235681 -3.075931 0.831369 0.457772 
-0.019010 -0.581327 -1.672061 0.535572 0.505598 0.479149 -0.756272 0.321279 
0.354807 -0.764909 0.508540 0.227693 -0.562356 0.453368 0.766158 0.502877 
-0.509169 0.726458 -1.986593 1.265875 -0.841287 0.722851 -1.323220 -0.376786 
-1.265509 -1.608310 0.415234 -0.160713 -0.750688 -0.345215 -0.672473 0.534360 
0.638544 1.084530 0.766093 1.412086 -1.207790 0.215138 -0.162464 0.643204 
0.248415 0.417569 -0.460758 -1.384476 1.183907 -0.043216 -0.937854 0.355650 
-0.865555 0.523571 -0.556674 -0.065303 0.755789 -0.779932 0.875940 0.067792 
0.496935 -0.228212 0.376394 -1.856469 -1.359429 1.859525 -0.204334 0.803012 
-1.201274 0.089677 0.480467 -0.558911 0.520665 0.165762 0.014490 -0.222625 
0.762255 0.357315 -0.228173 0.567431 0.461052 0.353244 -0.629440 1.684944 
-0.298389 -0.911677 -1.901666 0.691464 1.538139 0.866085 1.748771 -0.366910 
0.021073 -1.291256 0.147725 -0.679595 0.069813 0.930965 -1.555685 0.080195 
-0.766087 -0.304181 0.518461 -0.688703 0.690068 -0.450128 0.127218 0.865196 
0.736466 -1.304734 -1.811327 -1.499531 1.397832 0.921887 -0.356600 -0.557941 
-2.918647 1.994895 -0.467002 0.325136 -0.225608 -0.246107 0.182866 0.630877 
-2.551282 0.549036 -0.533177 1.387005 -1.183576 0.644076 -0.618174 -0.631729 
-0.878382 0.141741 -0.205537 0.818439 -0.734495 1.125806 -1.798680 -0.147179 
-1.576932 -0.200816 0.979650 0.067440 0.256539 -0.635144 -1.069568 0.389374 
-0.078703 -0.698223 0.441709 -0.288957 0.751265 -0.057386 -1.060827 -0.674598 
0.159655 -0.310253 0.004431 -1.195918 0.171236 0.945526 1.208721 -0.426572 
0.838673 -0.610404 0.361806 0.831447 0.298519 0.454868 0.481105 1.450323 
0.281958 -0.757282 -0.268293 -0.390455 0.958859 -0.023875 1.119222 -0.712773 
1.177010 -0.316258 0.039278 0.858907 -0.783562 0.150881 0.704727 1.048421 
-1.200416 1.134491 1.071659 -1.111904 -0.967995 0.950497 -0.253721 -0.249288 
0.601147 -0.735514 -2.191268 -0.600476 -1.769458 -0.578828 -0.399059 0.206195 
-0.721044 -0.013050 -2.426580 0.029801 -1.007229 -0.558096 -0.549907 1.054097 
2.024780 1.488842 0.217711 -0.106611 -0.888743 1.102488 0.376149 0.874997 
-0.067773 0.098213 0.126485 -0.399913 -0.013885 -0.375745 0.976207 1.187419 
-0.336317 0.157152 -1.210620 -0.284738 -2.062307 -0.066917 -0.004141 1.591406 
-2.035697 0.053183 0.666153 -0.233543 -0.933726 1.689635 -1.209971 1.215456 
0.658946 1.601032 0.557936 0.821959 0.722802 0.031845 2.084208 -0.028521 
0.287278 0.438315 -1.236240 -0.148484 -1.274285 -0.909860 0.049096 -0.341498 
-0.719199 -0.693400 0.251236 0.731344 -1.296352 -0.304124 -2.212841 0.858123 
-0.013267 1.300205 0.124788 -1.292582 0.192294 -1.473241 -1.211135 -0.829930 
0.822090 0.130433 0.768305 0.732712 -1.306885 0.958277 1.158885 1.100844 
-0.569117 0.079559 -0.393378 1.071158 -0.045491 -0.029082 0.462394 0.271900 
0.423604 0.634395 0.670393 -0.166413 1.383922 0.314751 -1.036516 0.977235 
0.606208 -0.685185 -1.207243 0.427607 -0.658124 -1.669529 2.466877 1.524577 
-0.469176 -0.007435 1.314287 -0.991408 0.993521 0.227687 0.319871 0.867230 
-1.019083 -0.099668 -1.113471 1.320220 -0.430093 0.537618 0.270332 1.102475 
-0.730617 -0.787985 0.850384 -0.799750 0.264567 0.060407 1.471763 -0.893749 
0.554024 1.481782 0.263856 0.982909 -0.133050 -0.260400 -0.929722 0.855730 
0.100179 -0.077324 -0.921237 -1.107158 0.955610 -1.557064 -0.393647 -0.412485 
0.250216 -1.239890 -0.900377 1.112534 0.772824 -0.934407 0.253911 -0.235502 
0.358572 -1.106017 0.800642 1.236770 -0.263131 -0.600528 0.360955 -0.159138 
0.639496 -1.468670 -0.717022 -0.154002 -1.234946 2.240209 0.775536 -0.211151 
1.325678 1.152340 0.884663 -1.031725 0.329895 0.616912 1.165550 0.928245 
0.242233 -0.661475 -0.389649 1.813776 1.390049 -0.309166 -1.028488 -0.206834 
0.663925 0.294987 -1.063935 1.080589 -0.671924 1.141213 0.033167 1.647097 
0.182928 0.689280 0.206709 -0.439270 0.434915 0.019054 0.097731 0.966823 
0.477420 1.316281 0.415660 -0.420093 0.356743 -0.330835 -0.021884 0.621217 
-0.305925 -1.321701 -0.745393 -1.335509 -0.042653 0.379694 0.689791 -0.298394 
-0.120414 -0.198842 0.062975 -1.421589 -1.012311 0.265505 2.387066 -1.501149 
-1.936859 1.025248 1.696519 1.395745 -1.705797 1.399716 -0.913028 -0.920660 
0.397618 2.947418 -1.032957 -0.429316 1.296948 2.221982 0.010714 0.909150 
0.226903 0.499596 -1.409629 -0.275362 0.169050 0.541413 -0.163256 -0.407626 
0.746382 -0.764515 1.104161 0.171493 -1.273512 -0.581010 1.109428 0.830716 
-0.092457 -1.262666 -0.054767 -0.791454 0.610950 -1.359748 -1.096651 -0.254850 
-1.326127 1.330738 -1.365766 -1.359960 0.169485 -1.133310 -0.803960 1.392407 
-0.732022 1.233298 0.289420 0.795430 -0.100683 -1.345323 0.385110 -0.555763 
-0.570870 -0.202094 -1.627966 1.927229 -1.569814 0.970663 0.810001 0.225233 
-0.024449 -0.906281 -1.407886 -1.468777 -0.208424 0.204716 1.513127 1.696445 
0.282962 -0.597079 1.309546 -1.648664 -0.772455 0.468982 -0.599313 0.131447 
-1.311991 -0.449796 -2.183201 1.091455 0.508099 -0.736914 1.045312 1.658725 
-0.573823 1.192469 0.160057 1.149659 -0.157919 -0.621741 -0.344152 -1.015744 
1.413892 -2.078708 -0.892852 0.739886 1.016170 -0.161763 0.739072 -0.458551 
-0.611007 -1.600221 -1.367274 -0.805341 -0.095009 0.558314 0.707899 0.105089 
0.007548 -1.328419 -0.313611 -0.449366 -1.486449 0.656979 0.397719 1.645597 
1.161088 -1.514655 0.708882 0.460292 -0.585785 -1.258946 -0.185165 -0.319315 
-0.204556 -0.138160 0.702941 0.381318 0.463317 0.115619 -0.728165 1.434560 
0.168522 0.983982 0.564636 0.456309 0.841277 -2.029584 0.491772 -0.500002 
-1.534059 -0.909482 0.861673 1.026747 -0.129917 0.660533 0.107544 -0.309365 
-0.852505 -0.918166 -0.067544 -0.119691 0.607130 -0.336244 -0.254779 1.495271 
0.973811 -1.071916 -0.050820 -2.421017 1.084670 0.282632 0.344762 -0.595683 
0.803151 -0.810911 -0.455876 2.366810 0.438092 -0.768047 -2.034671 0.531037 
0.892539 -0.371970 0.618101 0.660832 0.347194 0.638132 -0.495616 -0.181656 
-0.397398 2.186867 -2.034861 0.734604 -1.517915 0.919041 -0.107653 0.998009 
0.440222 0.480635 0.131658 0.049096 -1.429573 0.966459 -1.266672 -0.163249 
-2.502240 -0.661285 0.061346 1.207150 0.029342 0.799576 -0.996691 -0.666230 
-1.363201 0.989592 -1.186086 0.775480 1.019002 -1.089317 0.816009 0.277202 
0.596368 0.184853 -0.543234 0.756958 0.122230 0.252238 2.139232 0.336783 
-0.442596 -1.341689 -0.787276 0.399860 1.918455 -0.642500 2.496254 -0.345614 
1.362967 -0.358509 -0.600237 1.449323 0.942030 -0.724420 -0.614816 -0.834790 
-1.800605 0.774582 -0.397085 1.598600 -0.137421 -1.334659 -0.013408 -1.164205 
-1.034478 -0.016480 -0.819855 -1.161902 -0.591392 -0.452817 -0.423900 0.508523 
-1.045817 0.232640 0.808828 -0.421044 1.078206 -0.212801 -0.424568 -1.096879 
-0.261634 0.243102 -0.564143 1.114136 0.462797 -0.146830 -0.339106 1.246872 
1.931016 0.293621 -0.684544 -0.439106 -0.053442 -0.230514 0.099479 1.471896 
-0.578245 -0.307632 0.554484 0.362565 0.655709 0.519997 0.897261 0.024339 
-0.672845 -1.566831 0.472752 0.810064 -0.811623 -0.415128 -0.744485 0.647116 
-1.769197 2.496865 0.311994 -1.184784 -1.728407 -0.784729 -0.652524 0.168031 
-1.330713 0.074027 -0.194120 -0.935473 0.141898 0.670972 -0.388046 0.133969 
1.697180 -0.990923 0.541586 0.014010 -1.710255 -0.772656 1.030481 -2.505186 
1.553974 0.344679 -0.906071 -0.721916 1.055316 2.900343 1.094321 -0.205667 
-1.017755 -0.461820 1.193277 -1.863313 -0.003932 0.044420 0.184157 0.777081 
0.791565 -0.158531 -0.136607 0.595934 0.738748 -0.397713 0.375208 -0.455611 
-0.204146 -0.552178 -1.264733 -0.096936 0.655521 -0.072121 -0.241806 -0.941811 
-0.944648 -1.192920 -0.944224 -1.141544 0.238218 -0.715721 1.205733 -0.115836 
1.722366 0.130115 -0.095621 -1.225952 -0.629118 -1.318272 1.250700 -0.353468 
-0.861801 -0.794006 0.582828 0.062685 0.908693 -0.797682 0.201258 -0.794654 
1.999768 -0.638182 1.195474 -0.251784 0.977000 -0.387102 -0.633408 0.289280 
0.869678 -0.501667 1.186009 0.862164 -0.858107 1.376388 0.881205 0.427784 
0.180032 -0.137520 -1.223073 -0.584428 0.102641 -0.662219 -1.530693 -0.057446 
0.000646 -0.683681 -1.108282 -0.094230 -0.571472 -0.198033 1.267335 -0.214363 
-1.046572 0.860813 -0.045535 0.277836 0.546312 2.345137 0.275209 0.047739 
1.139266 0.436627 0.284053 -0.311655 0.280980 -0.385103 2.114047 0.195839 
-0.012408 -1.352481 0.715608 0.458650 -0.033566 -0.106187 -0.669031 1.824833 
-0.771769 -0.145249 0.501823 -0.098376 0.343818 -0.587141 -1.727527 0.472271 
-0.751719 1.051861 0.077882 -1.325118 0.648111 -1.655296 0.546272 -0.363836 
-1.124209 -1.253221 -0.652329 0.843709 -1.795010 1.847379 -1.003772 -1.490876 
-2.129695 -1.609720 -0.431935 -0.451235 -0.313689 -0.391540 -1.357177 -1.370303 
-0.038612 0.399930 -0.579718 0.404039 0.288502 -0.153368 -0.709666 -0.035001 
-0.608585 -1.502813 -0.879220 -0.051624 0.342463 0.686942 -1.263985 0.694482 
-1.562972 -2.036121 -0.677657 -2.336179 0.025043 0.223401 0.509621 -1.048912 
-1.083821 -0.345005 -0.986715 -1.172918 1.699994 0.499066 -0.571678 -0.087548 
-0.176707 -1.524774 -0.765059 0.362823 -1.503139 -2.274958 -0.588026 0.787997 
1.766165 -0.864117 -0.295333 0.235327 0.461767 0.574370 -1.183579 -0.633910 
1.630514 -0.201875 -0.256000 -1.132617 0.916914 -0.492149 -0.315927 -0.761803 
-1.477518 1.834284 0.679910 0.158188 0.216537 -0.494486 -0.691128 -0.435714 
0.262321 0.492996 -1.146498 -0.157151 0.422751 -0.208355 -0.308095 0.419998 
-1.563553 0.174246 -0.115993 2.032473 -0.486004 -1.265691 -0.562924 0.708126 
0.951660 0.971921 -1.720188 0.044306 -1.361360 -0.579501 0.444336 0.163827 
2.011027 -1.213161 0.519744 -0.419090 -0.373544 -2.317863 -0.147053 1.426268 
-1.323942 -1.027027 1.244732 -3.576259 -1.017299 -0.624566 -1.124054 0.227901 
-1.413133 -0.679278 -0.191657 -0.806925 0.350073 -0.608072 1.358991 -1.477078 
-0.486776 -1.617386 -1.421057 0.261555 -0.911645 1.448372 -0.359187 1.179636 
-0.263562 -1.614197 1.967226 -0.632912 1.094007 2.504696 0.624702 -0.214515 
-1.587208 -0.077812 -0.999363 -1.155951 0.840018 -0.805387 0.785402 -0.264302 
-1.037044 1.625748 0.382813 0.342779 -0.409061 -0.753041 0.356941 -0.136625 
-1.142555 0.531063 -0.646604 -1.043853 -0.710050 0.144831 -0.282073 -0.960743 
0.357177 -1.010515 0.804265 -0.710009 1.660213 -1.425540 -0.506596 -0.577211 
-0.189503 0.309238 0.084744 2.115087 1.877774 0.923342 1.267314 -0.016942 
0.402072 -1.638110 0.547074 -1.150359 -1.295159 0.617005 0.224528 0.308487 
-0.871678 0.363876 -1.422520 0.541511 2.612529 2.337740 -0.211194 -0.952829 
0.293619 -0.187601 -0.398287 1.146843 -0.558401 0.498295 0.274972 -1.637304 
-0.653072 -0.481617 -0.576027 -0.778831 -0.419715 1.289300 -1.278100 2.228232 
-1.090513 0.178913 0.925464 -1.371543 -0.780066 0.617378 1.478947 0.848246 
0.082214 0.186441 0.118816 -1.585577 0.600711 -0.647476 1.670952 -3.449741 
0.091403 0.084403 -0.470984 -0.677856 0.004794 0.248397 -0.189532 -0.578412 
-2.548789 -0.910834 0.223697 0.124969 -0.407290 -0.478007 -0.087444 0.366488 
-0.171114 -0.097110 -0.190088 1.141393 0.223866 -0.094972 -0.263190 0.179312 
-0.871041 -0.592971 -0.861983 0.459776 0.802849 -1.172057 0.043044 0.391689 
-0.068137 0.155217 -0.720390 0.324929 0.283147 -0.902746 -2.679176 -0.072815 
0.721333 -1.049427 0.879280 0.438715 -0.463891 0.680493 -0.319871 -0.058566 
-1.502345 -0.000819 -0.489743 0.878492 2.416204 -0.660760 1.625774 -0.798310 
-1.037588 0.070540 -0.845262 0.682643 0.461610 -0.354116 0.258524 1.239728 
0.969112 1.157864 -1.030344 -0.389394 -0.325488 -1.295675 -0.272347 -0.608410 
-0.473116 2.244848 0.777746 -0.301290 -2.079970 0.353177 1.510946 -0.286349 
0.232436 0.018241 -0.167492 0.702605 -1.235927 -0.079696 1.704126 -1.058727 
0.433197 -0.080918 -0.974962 -1.628128 -0.771830 -0.026415 -0.451696 0.930672 
-2.036121 0.965697 0.270649 -1.978025 1.482732 0.274566 2.564140 -0.362366 
0.073861 1.833885 -1.856116 -2.367269 -2.004027 0.959433 -0.021385 -1.478495 
-1.148959 0.882171 -0.739254 -1.170390 1.865810 0.268164 -1.396279 0.036298 
2.332161 0.430227 -1.002679 -0.194051 0.011581 -0.507405 -0.513961 1.058110 
-0.169616 0.937212 0.854215 -0.807347 0.535843 0.173762 -0.263974 -0.307703 
-1.106584 -0.386838 -0.731716 0.402055 0.079372 -0.351888 0.146522 -0.613331 
-0.549309 0.053031 -0.384947 -0.993107 -0.854695 -1.226798 -0.070384 -1.447869 
1.851711 0.688252 -1.528459 -1.302513 0.351721 -1.915639 -1.135380 0.185640 
0.806209 -0.023670 1.326132 1.520580 -0.160111 0.098932 0.237087 0.602961 
-0.908566 -1.585936 1.588302 -0.558967 -0.552669 -1.218191 -0.483807 0.833716 
-2.053600 -0.330336 -1.300956 0.861725 0.539193 0.113150 0.630992 2.000210 
1.095479 -1.170387 0.538027 -0.126377 -2.139011 0.368013 -0.354252 0.723257 
-0.041708 0.754111 -0.473266 0.729718 -0.887711 -1.013252 -0.907704 0.513087 
0.675841 0.025303 -0.556689 -1.273897 0.309279 0.728862 -0.730381 -0.709512 
-0.765788 -0.143950 -1.122072 1.074841 -0.275104 0.140763 -0.343096 -2.298993 
-0.511467 1.238415 0.421964 0.470208 -0.562163 0.878475 1.021222 0.877773 
-1.054378 -0.467283 -0.314886 0.878649 -1.419333 -0.148057 0.381259 -2.678501 
1.692309 -0.590982 -0.897452 1.695939 -2.033243 2.060034 -0.190228 0.574414 
-1.244334 0.623835 1.963903 1.237854 0.199346 0.254385 -0.992701 1.196204 
-1.222868 0.380338 0.830100 0.996364 -0.176655 0.898860 -1.272624 1.005432 
-0.343753 -0.458563 0.828518 0.411471 0.153573 0.457144 -0.264270 0.019326 
-1.696683 1.201983 -1.715501 -0.215332 -0.260367 1.138596 -0.266325 0.301426 
0.835411 -1.347433 0.237298 -1.376497 -0.967274 -1.131061 2.096931 -0.261570 
-0.681243 0.657553 1.040198 -1.010744 0.490708 -1.006298 -0.322689 0.543230 
-0.015555 0.997751 0.411562 -2.434621 -0.889766 -0.351390 -0.576018 -1.718209 
0.866818 0.014537 -1.645625 -0.710743 0.591580 -0.173812 -0.241934 -0.033983 
-0.606125 -1.782650 1.407798 -0.387387 1.147404 2.189499 -1.443946 0.056950 
0.838760 0.319780 1.990747 -1.150895 -2.061314 3.030757 -0.100293 0.408466 
-0.616055 -0.069956 0.647002 0.822584 1.401759 0.698871 2.565403 -0.407652 
-0.890347 0.212492 -1.010945 -1.295815 0.860431 -0.075427 0.362216 0.952937 
0.800279 1.639903 -0.455934 -0.095118 -0.314015 0.184171 -1.513702 -0.178996 
-1.314079 -2.071181 0.576150 0.453693 0.846408 0.676820 -0.015293 -0.924555 
1.710605 -1.732560 -0.636606 0.755726 0.034106 0.770124 1.429973 -0.221955 
-0.485616 -0.739054 0.119087 0.205787 -0.617876 -0.278610 -0.579192 -0.532620 
-2.006093 1.653416 1.343111 2.341878 0.740099 1.128680 0.381772 -0.312804 
0.392812 0.173287 -1.632449 0.405082 1.420547 0.557012 -0.337675 1.481362 
-1.321478 -0.497642 0.045798 -0.135657 -0.739604 0.567457 -1.172624 0.376869 
0.483655 -0.495481 -0.698845 -0.903586 -0.681961 0.823077 0.863341 -0.776847 
1.764103 -0.033798 -0.560685 -0.963053 0.120306 0.350506 0.140818 0.705748 
0.256489 0.859191 0.615283 0.930970 -0.780065 0.997128 1.397932 0.590890 
0.094781 -0.474663 0.424374 1.819611 -0.234537 0.821457 0.865028 0.339524 
-0.343104 0.669423 1.285941 0.617669 0.537954 -1.214662 0.328051 0.931300 
1.230534 -0.922663 0.325379 -1.881543 0.005960 -0.607939 1.507423 -1.186976 
-1.900808 -0.248459 -0.098184 -0.045549 1.174817 1.301501 1.078316 0.742615 
1.590931 0.507248 -1.738323 1.487844 0.225606 0.838949 1.840735 0.085242 
1.533700 1.541706 1.006596 -0.525568 0.501011 -0.182364 -0.063158 -0.175983 
0.941322 1.308312 -0.713412 1.956938 1.702506 0.910339 0.145416 1.101719 
0.773824 -0.642500 -0.013419 -0.864329 -1.174000 2.223390 -0.745271 0.537217 
0.754331 -0.369443 -0.167103 0.571338 -0.819386 0.796836 -0.789927 0.349732 
-0.358670 0.330290 0.955345 -1.829702 -0.729428 -2.388446 -2.182987 0.799158 
-2.264488 0.751367 -2.164844 -0.904617 -1.267389 1.344989 -0.090658 -1.456564 
0.941776 1.136529 1.640266 0.631730 -0.217697 -1.084650 1.642728 0.248369 
0.630561 -0.129286 0.952569 -0.847917 0.716254 0.502842 0.221362 -0.436170 
0.072535 0.401037 -0.290322 -1.108134 -0.562344 0.770565 -0.415890 -1.022488 
0.257302 -0.140248 1.268590 -0.361477 1.094542 0.613563 -1.623192 -0.684414 
-0.314584 -0.733323 0.594878 -1.184450 -0.605872 -1.302965 0.672908 -1.629424 
1.270746 1.305081 3.208887 0.940547 -1.587128 -0.128079 -0.661477 -1.238873 
0.745383 0.533359 -1.824793 -0.622119 -0.169981 -1.199657 -0.202950 -0.340273 
-0.465225 0.081085 0.715727 -0.617607 1.308677 0.360927 -0.455073 -0.683863 
-1.979560 -2.065096 -0.271029 -0.125748 1.841581 1.873761 1.428805 -0.918708 
-0.039146 1.049278 0.328179 0.099097 -1.605033 -0.548332 -0.912949 -0.115295 
1.120187 0.105441 0.335147 -0.423494 0.484065 1.397547 -0.892816 -0.421766 
-2.073561 0.585900 -2.058593 -0.474181 -1.367876 0.681102 -1.527564 0.729961 
0.080761 0.946608 -0.362484 0.490267 -1.294631 -1.184672 -0.711485 0.945597 
1.278435 -0.245775 -1.329912 0.712567 -1.281125 0.817715 -0.899011 1.254328 
1.659093 -0.509678 0.417940 0.135968 -0.951341 0.559110 0.518335 0.640538 
-0.324739 0.239224 -0.405852 1.537048 1.071538 0.366620 -1.087868 2.709622 
0.253261 -1.069286 -0.990582 0.948682 -2.403725 0.986081 -1.646505 -1.310440 
1.214549 0.258667 -0.688304 0.893607 -0.335765 -1.036981 0.479754 0.902519 
-1.513625 0.674400 -1.263848 -2.326734 -0.758545 -1.507231 -0.633963 -0.966549 
-0.244335 -1.143741 -0.502098 0.627734 -0.434740 -0.428836 0.771492 0.833360 
0.437243 -1.318241 -0.094655 0.655087 -0.717403 -3.231922 1.443393 -0.854485 
1.448678 0.070232 0.285556 -0.103855 0.957132 0.335514 -0.407102 -1.688284 
-1.170738 0.780688 1.021970 1.363895 0.145595 0.477622 -0.129105 -0.665934 
-0.820128 -1.244317 -0.423173 0.101761 -1.538706 -1.235241 -0.625455 0.527490 
-1.507183 -0.112641 -0.381622 -0.816066 0.460855 0.228458 0.651783 0.120086 
-0.981698 -0.472564 0.069166 -1.054750 0.174706 -0.020158 0.688799 -0.760991 
-0.481710 0.795933 1.817647 0.677499 -0.101377 0.993955 2.195612 0.296008 
-2.466028 1.651800 0.707780 -0.832401 -2.731251 0.410967 1.743177 -0.579062 
-0.158677 0.691108 -0.237557 0.149054 0.951425 0.038950 0.527155 -1.062806 
0.761098 1.160818 0.247115 -0.097443 0.127910 -0.714145 1.012550 -0.159381 
-2.346040 1.338911 -0.079790 1.248295 -0.574943 -1.513778 0.321591 -1.422390 
-0.213630 -1.248185 -0.445452 0.319336 -0.174066 -0.099695 -0.388130 0.267587 
-0.803057 0.719491 -0.050108 -0.351681 1.011885 -0.565221 -0.659042 1.105425 
-0.729575 -0.594426 -0.362375 -1.413537 -1.526796 -0.356163 -1.165836 -0.739261 
-0.015265 -0.909676 1.322510 0.724341 -0.066381 0.490394 0.242525 1.377012 
-3.066091 -1.500114 0.439403 -1.523983 0.088464 -0.421930 -0.623137 -1.037761 
0.247275 -1.547733 0.415807 -0.400786 -0.797699 -0.334351 -0.040720 -0.638623 
-0.340122 2.447672 0.208434 0.318819 -1.268725 -0.654020 -1.343083 0.737988 
-0.113119 0.103670 2.448127 -0.797259 -0.109878 -0.708271 -1.710340 -0.107883 
-0.092357 0.960455 0.281586 1.273636 -1.016806 -1.914282 -0.982890 -0.218401 
0.280327 -0.064949 -0.176287 0.209947 -0.233485 -1.022644 -0.478215 -0.160263 
2.098610 0.017346 -0.260302 -0.322238 0.760865 -1.557626 0.344696 0.274384 
-0.319895 0.982607 -0.207660 -0.444769 -0.817468 -0.534957 -0.934501 -0.509867 
-0.149508 -0.818814 1.497314 1.040593 -0.527638 -1.005816 0.098348 -0.098067 
-0.109095 -0.954768 1.306785 -0.812580 -0.495148 -0.463170 -0.295370 1.453712 
0.694301 -0.403296 0.992633 -0.386759 -1.075433 -1.499090 0.859636 0.081682 
-0.226556 -0.013868 -0.376083 1.741633 -1.382067 0.253491 -1.007880 -0.184865 
0.007129 2.604048 -0.297265 0.567088 0.393381 -0.037204 1.114440 0.500673 
-2.215841 1.269560 -0.449698 -1.323504 -1.274501 -0.404339 -0.158120 0.753959 
-0.309437 -0.029262 -1.215863 -0.071267 0.835173 0.949242 -0.867463 -0.123575 
-1.706142 -0.360799 -0.996670 1.325325 -1.128151 -0.434743 -0.430233 0.588133 
0.834188 2.547877 -2.198865 -1.101705 -0.021181 0.760487 2.362035 -0.145443 
1.169315 -0.189909 -0.031172 1.495500 -0.264024 0.007303 -0.726610 0.602618 
-2.185750 -1.270360 1.224304 -0.667733 0.044024 -0.083919 -1.784643 -1.478418 
-1.330403 -0.832636 -0.978576 1.034933 0.455827 -1.070286 -0.964166 -0.013756 
0.327766 0.079223 -0.469353 -1.037134 -1.266300 -0.680318 -0.896560 0.191772 
-0.096758 0.402823 2.417366 -1.632694 -0.084775 -0.440734 0.023500 1.167579 
1.102539 -1.068464 -0.550933 0.779749 -0.659021 -0.372329 -0.898908 0.386297 
1.423592 1.261366 0.658219 0.081813 0.760691 -0.527873 -0.405429 1.247812 
-0.091049 -1.395610 0.665486 0.940729 0.246446 -0.737547 -0.956370 0.253733 
-1.348957 -0.205009 -0.447218 -0.412124 1.033431 1.483251 -0.668290 0.796739 
0.606240 0.104574 -0.040402 2.121946 -0.784161 0.033520 -0.708728 -2.139741 
-0.143163 -0.777953 0.772289 -0.268548 -0.002211 1.127966 2.354698 1.283081 
-1.368304 -0.749413 -0.122921 0.332640 -1.446247 -1.560378 -0.113998 -0.379738 
-1.810175 -0.553386 -0.421163 -0.270787 0.447191 -2.173576 1.084316 -0.988394 
0.096235 0.164429 0.118197 0.491512 0.197118 -1.361573 0.591443 -0.864672 
1.384718 -1.421034 -0.907268 0.543822 0.364804 0.291555 -1.962070 0.554318 
-0.161005 0.136230 1.409385 0.047355 1.066229 -0.674968 -0.086269 -1.568693 
0.362229 0.168611 0.136396 1.474936 -0.622121 -1.224198 -1.405874 0.202950 
0.245564 0.065598 -0.670074 1.037076 -0.943876 0.399037 -0.687605 1.047657 
-0.778219 2.644460 0.138591 0.136734 0.201608 -1.331014 -3.003802 0.056175 
0.304411 0.757100 -1.278120 -0.786147 -0.174685 -0.584337 -0.038578 0.813296 
0.877630 0.512319 -0.877154 0.116332 -1.497890 -0.479900 0.586277 1.388669 
0.786569 -1.771324 0.994081 1.258549 0.250818 -0.578908 1.474398 0.377749 
0.419862 -0.847446 -0.605458 0.673022 0.308836 -1.106800 -0.696758 -0.227965 
-0.262091 0.984320 1.184459 0.731130 1.223440 -1.206693 1.840087 0.504584 
-0.025922 -0.768198 -0.434190 1.234795 1.487083 0.981531 0.295009 -0.041109 
1.527880 0.342903 -1.430568 0.260666 0.100869 -0.062585 -0.705985 0.593481 
0.613690 -0.492145 0.677250 -0.634524 1.000758 -1.891764 1.334677 -0.053010 
-0.201306 1.679100 -1.316054 0.714246 0.847294 -0.017313 0.387111 -0.590104 
0.329429 0.022867 -0.606372 -1.224137 0.004587 -0.431702 -1.514219 1.121522 
-0.777467 -0.340010 -0.684659 0.164687 0.948686 0.643767 0.730860 2.150049 
1.177016 0.903868 -1.419567 0.094590 0.277512 0.685215 0.458142 -0.913930 
1.342515 -1.233376 -2.292969 -0.692394 -0.885556 -0.113570 0.937592 0.266062 
2.136792 -0.089085 -0.244406 0.850911 0.617904 0.023973 -0.233460 0.556369 
-0.066055 -0.420950 0.866572 0.775668 0.768895 0.835316 -0.690160 -1.337240 
-1.639862 2.310968 -0.823533 0.762086 0.200976 -1.445347 -0.009539 -0.113191 
-0.146900 0.596324 0.208085 -1.156223 -0.954680 -0.101560 1.099028 1.219984 
1.419669 0.701603 0.163542 1.118509 2.193311 -0.713444 -0.140057 0.093819 
0.543887 -1.555322 -0.593138 0.959725 0.422096 0.862355 -0.858514 0.913604 
-0.109381 0.654384 -2.037519 -0.935026 -1.128902 -2.044198 0.485999 -0.369044 
-0.194046 -1.153447 0.490168 2.560669 -1.476259 0.097566 0.010346 -0.962506 
1.250327 0.401367 -0.794214 0.065134 0.466132 -1.755067 -0.478167 2.447104 
-1.536450 -1.689326 0.368434 -0.449701 0.354703 -0.800369 -0.033696 0.477150 
2.145516 1.069120 -1.025092 1.624762 1.315025 0.724927 -1.464796 -0.855982 
-0.654428 0.508421 -0.235053 1.314684 -2.998515 0.356859 0.675440 -0.287830 
-0.949553 -1.970884 0.237970 0.963084 1.433378 0.268824 -1.854243 1.285931 
-0.069401 1.285134 -0.767396 0.390043 0.209878 0.179512 0.005116 -0.411491 
-0.645812 -0.798401 0.858738 -0.592159 -0.355133 -0.611322 1.599195 0.164473 
-2.098651 -0.341732 -1.230144 0.533338 -0.167713 0.675088 1.732033 0.924295 
-0.088462 -0.571821 1.256287 -0.612847 -1.217500 -0.364050 -0.687277 -0.186343 
-0.484823 1.459644 0.400376 1.559865 0.475780 0.653465 -0.132994 -0.322076 
-0.967611 0.088828 -0.348164 -1.577729 -1.314937 -0.687007 1.494632 0.584449 
0.488034 0.989740 -0.345590 0.454535 -1.273300 -0.426450 0.437572 -0.393023 
-1.383990 1.846194 0.643782 0.706961 -0.068959 -2.757213 0.731208 0.508580 
0.782894 -0.869632 -0.032123 1.066429 0.848475 0.086785 -0.027843 -0.756579 
-0.830648 1.693932 1.030646 1.398707 0.612436 -0.141312 -0.542669 -0.826178 
3.124356 1.164603 1.445259 0.558287 1.299972 1.020886 1.535485 2.416765 
-0.112675 -0.134904 -1.226932 -0.588764 -0.695119 0.384913 0.809871 0.533597 
-1.357205 -0.190963 0.816798 -0.317132 -0.243316 -1.984432 0.786131 -0.634183 
0.822506 0.093420 1.616022 0.671575 0.192838 -0.357279 0.910474 -1.888630 
-1.904571 -0.375609 -0.773757 1.726241 -0.924918 -0.599103 -0.282538 -1.087987 
0.759023 -0.546702 0.304689 -2.949027 -0.996124 0.415124 -0.617483 0.020406 
-1.386770 0.187593 -0.166122 0.576937 0.186606 0.784514 -1.016806 1.181913 
-0.463715 -0.696260 0.851551 -1.160056 0.377730 0.746209 1.016352 -1.701077 
0.084959 1.156917 -0.116155 1.737058 -1.291174 0.218543 -0.351283 -0.294914 
2.737204 1.374840 0.345721 0.298704 -0.200862 0.106940 0.960875 0.760504 
-1.144698 0.259317 -2.566613 0.225043 0.897797 0.240327 -2.257760 -0.125352 
2.416279 -0.307689 -0.693572 -0.861198 1.303446 -0.360936 1.958150 -0.265770 
-0.080115 -1.092441 -0.153313 -0.387351 0.513975 -0.529392 -0.343396 -2.913336 
0.862254 1.161854 -0.898582 0.125897 0.909835 0.217835 -1.166755 -0.280795 
1.319611 0.915579 -1.143597 1.387882 -0.336537 0.139120 1.190034 0.622537 
1.159082 -0.579828 1.585757 -0.999163 -0.340290 0.437769 -1.827768 0.959322 
-1.854838 1.268565 -1.071337 -2.093011 -2.042576 0.356758 0.139589 -0.856271 
1.692252 -0.660051 -0.798657 -1.004178 -1.589347 1.154164 0.527749 0.090943 
0.266624 1.039935 -0.163791 0.930100 0.329997 -1.306390 1.426289 -0.799477 
1.547494 -0.936925 0.624004 0.519600 1.045582 -0.754507 -0.174001 -0.727555 
-0.305961 -1.058489 -0.132696 0.110946 -0.049325 0.942138 -1.034563 0.741167 
1.684494 -0.108522 0.417989 -1.419035 0.128416 -0.660886 0.496934 0.746711 
1.651406 -1.087240 -0.504307 -0.652200 -0.551032 -0.000612 -0.014869 0.703843 
1.280844 0.026138 -0.063564 -0.603389 0.647331 0.504130 0.393236 -0.794011 
1.274093 1.030082 0.412595 0.980357 -0.970405 -0.033607 -0.637641 -0.009064 
1.240481 1.252362 0.847761 0.202772 1.861015 0.385194 -2.135636 0.793828 
-0.652808 0.218156 -0.426793 -1.104508 0.111713 -0.293686 0.002820 -0.006791 
0.539289 0.828067 -0.281639 -0.452422 -0.171675 0.962118 -0.670539 -0.531657 
-1.637822 -0.037121 -1.345249 -1.468295 0.159289 -1.438182 -0.459127 -0.743574 
-0.430755 -1.504797 1.149417 0.033396 0.161287 0.351820 1.851275 -1.799642 
0.194635 -1.721806 0.177600 -0.217742 -0.549238 -1.450174 1.275327 1.892880 
0.652194 -0.885103 -1.327389 -0.748917 -0.513215 1.902937 0.032237 -1.771101 
-0.625775 -1.678139 0.701376 -0.599373 -0.425779 0.634717 1.507607 0.839379 
0.937211 -0.787941 0.838617 -0.743640 -1.483691 0.586078 -1.329062 -1.004476 
1.539676 0.409350 -1.376786 -0.881245 -0.686877 -0.086624 1.333344 -0.696595 
1.936462 -1.135488 1.188350 -0.178856 -1.101267 0.664825 0.084253 -0.118900 
-0.164302 0.328775 -1.778661 1.042639 0.185235 -1.418619 -0.187839 -0.309506 
1.866491 0.411207 0.335747 0.616541 0.734381 -0.187934 -0.685171 -1.039348 
-0.169159 -0.088887 -1.096748 -2.463779 0.406448 -2.530338 -1.624507 0.305495 
-0.191885 0.025324 0.902062 0.607814 -0.371060 1.641526 0.327285 0.615263 
1.363735 1.394822 1.505136 -2.389106 -0.444823 1.658909 -1.949650 1.647723 
1.153105 -0.002788 0.802549 -0.107653 1.453911 0.755003 -0.022416 2.967551 
0.305938 -1.056653 0.019179 -0.008666 -1.597898 -0.352323 1.112580 -1.841795 
2.670037 0.170592 0.514777 -0.279990 0.805059 0.997243 -0.847162 1.059356 
2.942470 -0.604595 -0.659373 2.732050 0.225874 0.555871 0.524313 1.435060 
0.744281 -2.081410 -0.227208 0.138211 -1.004016 -0.034890 -0.199465 1.210099 
-0.759884 -1.629065 0.689384 0.305812 0.453350 -0.508820 -0.069624 -1.449695 
0.993836 -0.964632 1.957968 -1.745766 0.144294 1.445128 1.349736 0.329727 
-0.071509 -1.471107 0.390140 -1.183827 -0.074923 -1.597741 -0.147065 0.732025 
-0.721224 0.469681 0.688637 -1.468334 -1.055552 -2.338120 -1.020121 0.676266 
-0.349202 0.935659 -2.119044 0.614516 -1.024467 0.455168 -0.111883 -0.432666 
0.197417 0.011391 0.742372 0.175562 1.763962 -0.559815 1.973613 0.179988 
1.406725 0.042480 1.824466 0.727419 0.127657 0.180169 -0.199985 -0.739595 
0.753121 3.089310 0.725219 2.593414 0.070476 -1.990072 0.214148 -1.625638 
-0.004115 -0.255466 -0.117433 -1.545279 -0.124712 0.700351 -0.346120 -0.610413 
-1.262289 -1.721892 -1.888625 1.040509 -0.951323 -0.994237 0.197120 0.661078 
-1.036749 -1.023719 1.008841 0.198978 0.511160 -0.403243 -0.970566 -1.330016 
0.268070 0.180036 -0.859050 -0.536295 0.544000 1.711463 -0.431686 -1.653274 
-0.844869 -0.444936 -0.900594 -1.841489 0.786532 -0.021883 0.435814 -0.553637 
-0.642879 -0.995830 -1.527536 -0.132962 -0.357477 2.667206 -0.618229 -1.214313 
-0.389103 0.509027 0.569982 0.765882 1.091530 -1.374670 0.422351 0.339222 
2.280075 0.636238 -1.103305 0.700899 0.341981 0.844004 0.361677 1.694341 
0.631045 -0.119103 -1.843492 0.356766 -0.261329 0.944945 -0.166184 0.320681 
0.446244 0.716548 0.424723 0.174946 -0.459125 -1.006739 0.128675 0.772057 
-2.163671 -0.754936 -0.636836 0.397629 0.099221 0.686707 -0.914135 -0.008005 
-0.090820 0.493062 0.537841 -0.288832 0.698844 -0.836647 -0.988265 1.029310 
-1.097810 -1.330933 -1.055461 -0.800375 -0.092189 0.390787 0.228975 0.520793 
-1.076842 -1.490438 -0.056209 0.776680 0.589593 -1.142923 0.721481 0.912321 
0.765898 1.852159 0.364692 0.607036 1.785110 -1.106705 -0.634447 -0.716974 
0.085030 0.379490 -0.346848 -0.348084 -0.430041 -1.478301 0.710248 -2.262082 
-1.073051 -0.463643 -0.057942 0.620092 -1.254057 -0.715840 -2.184495 1.047527 
-0.303822 0.177616 -0.290037 0.877238 0.685251 -0.212875 0.236988 -0.535465 
-0.385425 0.441650 -0.430649 -0.302721 1.241892 -0.086518 -0.371607 -1.703083 
-0.193682 -1.475307 0.660156 0.315769 -0.759662 1.756613 0.031756 -0.454998 
0.631821 0.241719 0.821292 1.008386 1.608528 -0.710628 0.886151 0.987832 
-0.386625 -0.771057 -1.327001 1.981816 0.584394 1.545460 -1.128720 -1.299867 
-1.288234 -0.976127 -0.859503 -0.299176 -1.235055 1.591298 0.741640 0.661439 
-0.361783 1.430869 0.329520 -0.692286 -1.005894 -1.121239 0.922304 0.700598 
-0.922139 1.092724 0.817217 -1.349451 -1.539095 -0.601331 1.202082 0.910410 
-0.915236 -1.051909 0.485904 0.274655 0.109361 0.817944 0.709301 0.874379 
0.675877 0.533430 1.822861 -0.399787 0.249731 -1.270330 0.515639 -1.419171 
1.764941 0.641776 -1.271339 -1.482005 -1.672353 0.228920 -0.459486 -0.071841 
-0.734156 -1.004577 0.187733 0.391669 0.301439 0.205229 -0.478921 -0.095119 
-0.428343 1.547497 -0.569661 0.372657 0.422277 1.307778 -0.967208 -1.077607 
0.806602 -1.212674 0.816777 -0.063933 -0.070253 0.030519 -0.657778 -3.390526 
-0.644184 1.718669 -1.640375 1.076978 -1.039073 0.057597 0.387429 -1.341362 
0.018060 -1.009206 -0.401716 0.767703 -0.511851 0.165534 -1.466034 -0.396234 
3.115898 1.294424 -0.428876 1.408015 0.402274 -0.976127 0.932750 0.533496 
-0.919589 -0.419772 -0.295687 0.419993 1.678301 -0.722141 -0.674935 -0.161150 
-0.098129 0.161515 -1.290767 1.696163 -0.240938 -1.568407 -1.261571 -0.319500 
0.825172 -1.149643 -0.184081 -0.687765 -1.840867 0.031187 -1.618567 0.263564 
0.196722 -0.698679 -0.612301 -0.495489 -0.465439 0.612979 1.985735 0.895880 
2.284666 -0.439248 -0.079564 -1.167193 -0.417339 0.226692 0.329484 0.631590 
0.841154 0.026010 -0.945802 -0.796614 0.246767 0.259488 1.616396 -0.604470 
1.013212 -1.449311 -0.116746 0.048431 -0.063886 -0.461836 0.138607 1.269872 
1.211877 -1.259078 0.737414 0.849552 1.636478 -0.864911 0.443918 -0.974782 
0.401111 -0.361760 0.925546 -0.244091 -1.111817 0.802025 1.747081 0.268570 
-1.031218 -0.228376 -0.045756 -0.867467 -1.001051 -0.872070 -0.065491 -0.101094 
-0.334481 1.782176 -0.225990 -0.370776 -1.166040 2.342240 0.483438 0.101208 
-0.865249 0.240081 -0.859117 -1.863241 -2.585605 -0.253948 0.755522 0.023130 
-0.988472 0.413800 0.115514 1.309149 -1.961037 0.538254 -2.560676 0.843611 
0.537311 -0.619856 -0.198783 0.401904 -1.419265 -1.189206 -1.381192 0.272586 
-1.329611 0.830582 0.395955 -0.862750 0.236591 -0.129620 1.062238 -0.736992 
0.482248 1.993783 0.540467 -0.623293 -0.347859 0.214881 1.046730 0.132509 
-0.336331 0.841684 -0.546585 -1.490847 1.388518 -0.831130 -1.331173 1.731436 
-1.047329 -0.400349 0.238833 -0.819014 -1.739857 -2.443381 -1.715568 -0.127165 
-0.334751 0.402816 0.504520 0.367559 -1.233503 -0.011737 3.095051 0.614331 
-0.882991 0.778941 -0.759290 -0.030643 -0.332156 -1.347877 0.037811 1.392582 
-1.010826 -0.126075 1.391212 0.087858 1.513940 0.204306 0.347647 2.239389 
0.086327 1.996390 -0.347405 -0.477744 1.393980 -0.592318 -1.043058 -0.639477 
1.232782 -1.728546 0.154052 0.235237 0.026848 -0.619871 0.828071 -0.380148 
0.077842 -0.285801 0.680379 -1.660594 -0.389453 -0.066417 0.751172 -1.447391 
0.763405 -0.138146 -1.404148 0.455006 0.556748 0.994243 -2.334236 0.422730 
-0.076789 1.560562 -0.222715 -0.523135 -0.216093 -0.713708 -0.610041 0.261340 
-2.833650 -0.144344 0.004263 -0.113644 -0.267395 0.710357 -0.030448 -0.368871 
0.107155 0.313580 0.300245 -0.669509 -0.456237 -0.946058 0.636097 0.088809 
1.227658 0.540868 0.244650 -1.707644 0.942802 -1.027989 -0.932851 0.241013 
0.503953 -0.469505 1.469700 -0.526604 2.812568 0.092243 -0.664351 2.034838 
0.503148 -2.113809 0.390667 0.790516 -2.216469 0.443251 -0.797237 -0.388833 
0.450502 -0.333255 0.559184 -0.116964 -0.525909 -0.794933 -0.387318 -0.040008 
1.280186 0.068991 0.203941 -0.711429 -0.575358 -1.338521 -1.575262 -0.527831 
0.338908 0.491061 0.891661 -1.699892 0.153248 0.378375 2.267740 1.171399 
1.259016 -1.540050 -0.472264 0.420128 0.278313 1.794363 1.374012 0.663587 
0.595305 -0.938563 -1.575219 -1.074089 -1.045155 -2.532469 0.475558 0.793348 
-0.860670 1.775913 0.675303 0.892102 0.493221 1.730658 0.699509 -0.715270 
0.578563 -0.324334 -1.510957 -1.426862 1.123361 1.119182 0.387800 1.257027 
-0.765744 -0.273164 0.408535 2.074461 -0.057879 0.808493 0.374093 0.383852 
-1.277331 1.142785 1.918967 -0.120206 1.080063 -0.589818 0.177824 0.998835 
-0.551185 -0.247729 -1.395263 0.538946 1.152706 -0.801686 -1.026001 -0.652417 
-1.097318 0.475233 0.159802 -2.410899 -0.189467 -1.269913 1.179814 -1.766440 
0.068603 -0.825810 -1.753516 -2.369034 -0.227527 1.737096 0.853325 -0.382785 
0.496806 1.219683 -0.276007 -0.175956 1.068276 -1.054320 1.000526 1.253855 
-1.576825 -0.232381 0.184700 -0.769055 -0.502704 -1.748329 0.672558 0.073750 
-0.006635 1.119261 -1.149423 0.495881 -1.266488 -0.181933 1.517451 1.985325 
0.108276 1.255870 0.436018 -0.122072 0.982730 0.036221 1.052736 0.521115 
-1.107948 -1.691486 -0.830633 -0.137852 2.062566 -1.969891 -0.077252 0.467233 
0.211931 -0.883103 -0.680543 1.746027 -0.874343 0.302097 -0.707847 1.998019 
-0.336886 -1.010086 -0.282005 0.499678 0.105965 -1.416421 0.764435 -0.066075 
-0.410669 -0.970162 0.849435 -0.138340 1.407646 0.620901 0.311709 -1.052583 
-0.928510 0.238122 0.450173 0.062351 0.392645 -1.271914 -1.257952 -0.229579 
0.738085 -0.299993 0.058150 -0.209454 0.262585 0.368315 1.474295 0.854710 
-1.047608 -1.369026 0.151348 0.455861 1.718049 0.396021 -0.796831 -0.533897 
1.183247 0.477098 -1.715893 0.959739 0.036344 0.096982 -0.486105 1.336599 
-0.298728 0.599873 1.198874 -0.104797 -0.168926 -0.778254 1.622438 -1.299162 
-0.394652 0.253961 0.177573 0.430395 0.744512 -0.089555 -1.194413 0.214510 
-2.796553 -0.032312 -1.956606 -0.262646 0.180450 -0.886700 -0.208385 0.985625 
1.594804 0.261512 -0.234898 0.022893 -1.517863 0.829687 -1.065597 0.692773 
0.548486 0.528414 0.452907 2.400550 -0.006323 -1.093308 0.648148 -0.812483 
0.823236 0.766301 0.046327 0.480038 0.013502 -0.277436 -1.076185 0.531707 
-0.330334 -0.010449 0.161615 1.073441 0.073596 -1.121497 1.320562 -1.722344 
2.418047 -1.762922 -0.884871 -0.676352 0.410778 0.773038 0.862584 0.486399 
1.525500 -1.232806 -0.437083 -1.094881 -1.754530 -0.094571 -1.429863 -0.199148 
-1.144640 1.276289 1.203419 2.085297 0.686645 -1.153720 0.045219 0.128001 
0.217870 0.448302 -0.013256 0.018912 2.213605 1.137487 0.175242 -0.349864 
1.075615 -1.164575 0.340560 1.599988 1.817209 0.492011 0.374980 0.042323 
0.526505 0.400490 1.287552 -1.459771 -1.225539 0.642493 -0.746404 -0.733329 
0.368725 0.868800 0.956919 0.618280 0.393707 0.499796 0.143195 1.788227 
-0.560051 0.480476 -2.149633 1.664886 0.137291 0.933070 -1.577478 -1.235070 
-0.648337 -1.793369 -0.878223 1.104087 -0.332096 -0.914927 -0.303769 0.632687 
0.467906 -1.142437 -0.445762 -0.331374 0.807436 0.338208 -0.420597 0.185035 
-1.236635 0.033161 0.405688 1.683914 1.240709 0.002539 -0.173206 0.026784 
1.203170 -0.820348 0.011228 -1.020253 -0.799310 1.870562 -0.237550 0.651950 
-1.902288 1.091448 -2.433051 -0.765121 -0.675744 -0.219720 0.930773 -1.491389 
-0.608764 -0.833870 -0.547647 -0.507042 0.184389 -1.429771 -0.594477 -0.292083 
-0.443150 -0.248741 -0.074841 2.014850 -1.182143 -0.661526 0.043342 1.149791 
-0.420834 0.157307 -1.399146 -1.410568 0.017365 0.000810 0.008874 -0.756793 
0.180983 -0.324944 -0.272423 -0.197957 0.517233 -0.060561 0.712525 0.152154 
-0.744975 1.336067 0.614127 -0.469540 -0.364100 -0.694769 -1.011348 -1.009031 
-0.421851 0.326777 1.426734 2.274036 0.269481 -1.822495 -1.147807 1.714186 
0.930281 -1.731521 -1.593556 -1.160942 0.596751 -1.251437 -0.857831 -0.760383 
2.077750 -0.823589 -1.194174 0.050733 -2.041273 0.304349 -0.095127 0.659942 
0.426352 0.378787 -1.036885 -1.681956 -1.309332 0.809336 -1.573645 0.385566 
-1.085993 -1.291207 -1.108916 -0.207663 -1.300527 2.950715 0.374685 -0.986539 
-0.426071 -2.253207 1.972621 0.718555 0.763844 1.147601 -1.346044 1.093931 
-0.733154 -0.155047 -0.149723 -0.195409 -0.721345 -0.505937 -1.432613 2.771832 
0.779021 0.033695 0.699847 1.168015 -0.052030 0.270870 1.444573 -1.445951 
0.727025 1.994114 -1.462764 -1.562328 0.075510 0.164928 1.432040 -0.980899 
0.703769 0.832132 1.680214 0.266762 -1.045771 -2.169625 0.634445 0.539499 
0.079440 -1.548123 -0.023103 0.634323 0.233276 -0.035505 -0.221939 1.555440 
-0.112438 1.847864 0.058183 0.379832 -0.921915 -0.011256 -0.032617 0.782280 
-0.810223 0.075244 1.892804 -0.213399 0.528567 -0.614377 -1.353663 -0.260913 
-0.284479 -2.613688 0.428803 -0.678036 0.653336 -1.331974 0.307746 -0.169097 
0.604962 -0.269024 0.597883 -0.418359 0.490886 0.551842 -0.559263 1.137627 
-1.343469 -1.742409 -0.262664 0.381820 -1.019728 -0.705595 0.746703 -0.660495 
0.242475 -1.680572 1.454140 0.332207 0.338741 -1.024330 -1.118259 -0.331717 
-0.945420 -0.327547 0.111133 -0.057654 0.253115 0.737603 -0.998092 0.815014 
0.619514 -0.776364 0.699674 0.001323 -0.096696 -1.857139 0.608373 0.772470 
-1.395066 -0.521814 0.538266 -0.024657 -0.286498 -0.328786 -1.336928 -0.193254 
-0.751831 -0.066645 -0.275771 0.405762 0.996288 -0.702905 0.140987 0.559624 
-0.110266 1.607524 0.927846 0.685652 -0.754324 -0.491197 0.554954 1.982213 
2.035066 -0.042950 -0.605983 0.105589 0.444615 -0.921667 -0.447133 1.459683 
1.185764 -2.626799 0.255024 -0.282503 -1.320153 -0.460353 -0.783790 1.106071 
0.942292 -2.012911 0.725197 0.195564 0.702801 0.381211 0.494575 1.803736 
0.809752 2.115415 -0.610844 2.306385 0.788805 0.270639 -0.906620 0.334711 
-0.707749 -0.494490 -1.752751 -0.974902 -0.560437 -0.460605 -1.512855 0.635810 
-1.409910 0.170571 -1.042984 0.397360 0.928818 -1.116925 1.332197 -0.313695 
1.154331 -0.738641 -1.506579 0.769458 -0.167544 1.852134 0.318214 -0.624242 
-0.998504 0.490416 -0.775173 0.286554 -1.081542 0.097022 1.540648 1.672026 
0.088419 0.694369 -0.555867 -0.961652 0.619944 -0.684921 -0.977350 -0.775582 
-0.863672 -0.475287 -0.626112 0.867858 -0.194107 0.809635 1.228411 -0.074413 
-1.103770 -2.171078 2.829098 0.097855 0.051530 1.084004 -1.022171 -0.395062 
-0.536747 -0.753290 -0.757268 0.580552 -0.078305 -0.309009 1.358414 -0.719271 
-1.863394 0.681733 -0.146692 -0.112414 0.199452 0.338746 1.509604 -0.232149 
-0.326119 -0.499841 -0.979832 -0.566690 0.976072 1.284010 1.898318 0.891110 
0.436926 0.364885 -0.276088 1.661172 2.276117 -0.752043 -0.018735 -0.412619 
-0.790950 -0.875993 -1.253198 0.049850 -0.833597 0.594473 -0.213584 0.491870 
0.537621 -0.703666 -0.030838 -0.462217 -0.488969 1.119715 1.652338 1.173711 
-0.843959 -0.071484 1.221785 -0.710698 -1.210038 -0.721024 -1.337515 0.722436 
-0.445365 -0.223329 0.540672 0.688908 0.168594 0.755644 -0.990081 -0.632669 
0.324750 -0.352677 1.499685 -2.415791 1.204342 0.145053 -2.169037 -2.502069 
-0.252213 0.556322 0.013201 0.318603 -2.371539 -0.600243 0.301763 0.179096 
1.721444 -0.207963 -1.301104 -0.150003 -1.368356 1.583377 -0.337810 -0.021988 
-1.083961 -1.231301 -1.191703 -0.644408 0.897147 1.995613 -0.073477 -1.079987 
-1.181906 -0.803758 0.057430 -0.108871 0.311917 0.369784 0.257079 0.850149 
-0.708581 0.024502 -0.414127 -0.080645 0.561414 -0.010124 -0.423562 0.397175 
0.579707 1.077849 0.456645 0.106192 -0.695478 0.435478 -0.100313 0.317176 
0.183014 -0.094130 2.109725 0.408973 0.485069 1.731532 -0.679435 -0.720280 
1.062735 0.902318 0.605031 0.810337 -0.564918 0.748582 -0.358290 -0.804681 
0.042218 -0.490594 0.029462 -0.238276 -0.444328 -0.664251 1.709626 -0.440533 
0.325395 -0.346396 -0.660973 -0.110253 -0.810793 0.294487 0.512579 -0.032171 
-0.708186 -0.631326 -1.389080 -0.666042 1.189711 0.110454 0.092150 1.210900 
0.917874 -1.205421 0.583271 0.718796 -0.550297 -0.454702 2.532118 2.619382 
0.724213 0.679178 1.411845 -0.722620 -0.781189 -1.642295 1.604599 1.040714 
2.179948 0.393959 0.487623 -1.780820 -0.394545 -0.265871 -0.908459 0.992583 
-0.212833 -0.084418 -0.783045 1.220212 1.347352 0.147610 -0.514780 -0.730357 
-0.467695 -1.022510 0.729323 1.801149 0.341862 -0.024363 -0.855542 -0.836650 
0.028504 1.141067 0.410665 2.142966 -0.356401 -1.363168 -0.004846 -1.715931 
1.142438 0.865154 -0.574630 -1.307980 -0.468473 -0.231482 -0.947185 1.076526 
1.313243 0.935660 -0.611858 0.324892 1.071034 -0.080338 0.326049 0.261437 
0.042115 -1.260937 0.280976 0.279853 0.978686 -0.908641 -0.002679 0.053726 
-0.276343 -0.497781 -0.925059 0.713066 -2.120583 2.181365 0.484123 0.379995 
-0.725686 1.409936 -0.644809 -0.235621 0.940811 0.232512 0.028526 1.141052 
0.971843 0.218394 -0.941302 -0.319477 -2.090915 0.135904 0.898877 0.416216 
-1.139885 -0.624712 -1.487695 -0.494520 -0.354906 1.181139 -0.247306 -0.266414 
-0.752748 -0.750431 -1.322075 1.137259 0.508416 -0.422176 -0.234539 1.265144 
-0.034645 0.289398 -1.057826 0.237793 0.977982 -0.878833 1.580288 1.117418 
0.267807 0.754835 1.286669 -0.651064 -0.244672 1.156466 0.645251 -0.865520 
1.493889 0.266557 1.911095 -0.443385 0.308997 0.263396 2.010042 -0.238211 
0.393468 0.094699 0.429134 -1.103391 -0.902021 -0.170792 -1.006011 0.067741 
1.684663 2.075305 2.206122 -1.082015 -1.591637 2.172906 1.198093 1.675212 
0.217475 -0.395729 -0.426643 -0.826918 0.191718 -0.633584 0.483280 -0.442451 
-0.061273 -0.158290 0.311295 -0.311468 0.287648 0.959688 0.515883 -0.318314 
0.582777 2.027554 2.257143 1.155849 1.398723 -0.785884 1.216233 0.064411 
-0.565784 -0.407277 0.405119 -0.835365 -1.012786 -0.012668 1.075464 -0.269238 
0.729755 -0.617922 -0.640679 0.091005 -0.098362 -1.418011 -1.512871 0.491914 
-0.458543 1.574731 -0.064100 0.142675 0.831166 0.509804 0.145856 -0.608681 
0.949831 0.607048 1.097243 -1.081435 -1.098063 1.026749 1.082092 -0.510537 
0.273827 1.108004 -0.201369 -0.863451 0.666412 -0.529211 -0.616591 -1.054054 
-0.174770 -0.174481 1.777023 -0.742635 -0.061793 -0.665690 -2.703097 0.710834 
0.254810 -0.798236 -1.316547 0.793694 0.750676 -0.660323 -0.010500 1.726673 
-0.943584 -1.568910 -1.224304 1.868297 -0.102131 -1.755072 0.089543 0.871517 
-1.082402 0.257516 0.303739 1.545171 -0.993787 0.735569 -0.233222 -0.924707 
-0.168888 0.960038 0.110935 0.096179 0.891472 -0.477282 1.278670 0.045751 
-0.472308 0.292221 -0.124024 0.075221 0.071230 -0.153510 0.002519 0.283115 
0.770918 -1.250587 -0.882304 -0.441118 -0.265035 -0.768700 0.987001 -1.244328 
0.272360 -0.233296 -0.411665 -0.986855 -1.358247 -0.180753 1.019354 -0.741537 
0.556219 0.839930 -2.205499 0.595233 -0.048080 0.101857 1.910783 0.387107 
0.862956 -0.140903 -1.306921 0.179111 -2.813946 1.680404 -0.252835 2.885346 
0.392026 0.815356 -0.436187 -2.376507 0.776746 -0.138446 0.276022 -0.784255 
-0.774109 1.261347 0.912340 1.642881 -1.135084 -0.493685 0.153728 -0.677819 
0.210209 -1.074186 -1.331590 -0.307545 0.325116 -2.028422 1.327661 -0.508854 
-1.129881 -0.732289 -0.448648 0.053528 -0.820144 -1.039100 0.952189 1.206962 
-0.588451 0.284814 -0.836859 0.573336 0.439603 -0.338001 -0.727898 -1.820326 
-0.395511 0.209168 -0.572516 -2.057576 -0.191750 1.707989 -0.831089 -0.212420 
0.574951 0.036141 -0.163937 0.201679 1.379699 -0.255898 0.146837 0.966117 
-0.778330 0.776278 -1.641018 1.333062 -2.167560 -0.322989 0.336009 -0.888421 
1.169827 1.722601 -0.595862 -1.140205 -1.098068 0.848829 -0.062078 0.781670 
0.404790 0.646461 0.847059 1.809954 0.880550 -1.148711 -0.207403 0.886467 
-0.657248 -1.171046 1.507595 0.537503 -0.256152 0.173722 -0.700228 1.069535 
-0.150887 -1.791548 -0.685188 -1.015106 0.371193 0.679564 1.185322 -0.898951 
1.507021 -0.553009 1.145102 0.628483 0.661697 1.856496 0.141071 0.485883 
-1.099621 -0.327305 -0.301505 -0.896488 -1.340071 1.609845 -1.210221 -0.209152 
0.137454 -0.319591 1.278247 -0.936311 0.956942 1.257807 0.491080 1.164171 
1.420827 -1.448341 -2.239285 -1.852580 1.858479 -1.351945 1.161064 0.194505 
0.161279 -1.573982 0.000339 -2.619410 -0.490616 -1.285641 -0.444147 0.227996 
1.570909 -0.229736 0.190659 -0.156551 -1.958243 -2.211518 -1.369285 -0.011939 
-0.451446 0.499152 -0.205256 -0.227212 -0.349501 0.030970 -0.351611 -0.198211 
1.006421 0.539940 0.143268 -0.337668 -0.140895 0.746173 -0.900204 -0.317877 
-0.579803 0.820885 -1.760009 -1.329750 -1.474311 -0.060599 -0.929346 0.044396 
0.596717 0.942506 0.739606 -1.091561 -0.725611 1.472142 0.168742 0.878692 
0.052087 0.658496 0.394018 -2.257745 1.427713 0.431701 -1.625421 0.950410 
0.929757 -0.416042 0.104396 -0.287730 0.245414 -2.091258 0.502378 0.739145 
1.958356 0.409883 -0.178847 -1.254172 -0.904359 -0.514479 1.912010 0.230671 
-0.148364 -0.756611 -0.026316 -0.920082 -1.395716 -0.017569 -0.153422 0.698793 
1.710161 0.076065 0.117627 0.818046 0.108056 0.658096 0.642199 0.000292 
0.000380 -0.916228 1.215038 0.491532 0.083074 -0.650722 1.045173 0.319716 
-0.375326 -0.029536 0.162526 -0.173701 -0.603239 0.503256 -0.066427 0.710044 
-0.219275 -1.585739 -0.370043 -0.963292 -1.634086 1.172068 0.553874 1.666827 
1.632515 -1.347874 -0.230649 -1.040035 -1.177761 1.695356 0.575459 -1.361414 
1.968453 0.194830 -0.009797 1.059125 0.537235 0.022383 0.553891 0.553039 
1.411057 -2.205850 -0.004971 1.099422 -1.189014 0.964938 -0.297089 -0.537101 
0.646284 2.034853 0.818432 -1.621758 -1.373048 0.771093 1.351764 0.522517 
-1.447019 0.051631 -0.056847 1.507079 0.469207 0.199209 1.848328 0.728760 
-0.540781 0.052693 1.694901 -1.169919 -0.645859 0.768935 -0.690868 0.610652 
-0.209127 0.623731 0.527372 -0.506201 1.332339 0.932353 -1.222810 -1.190316 
0.117454 1.856762 2.328475 2.592966 0.905046 -0.298470 0.664564 -1.491123 
-0.475360 -0.741871 0.388937 0.371151 -0.623140 -0.934937 -0.129429 -0.010415 
-0.623780 -0.406280 1.082897 0.993998 0.821820 0.328707 1.752775 0.973673 
-0.206393 -0.039015 0.133900 2.124398 -0.326619 -2.021611 -2.105288 -1.553431 
0.039773 1.471585 2.197297 0.009433 -0.443059 0.194419 -1.112597 0.378992 
-1.486509 -0.347362 -0.704354 -0.703418 -0.656298 1.156701 0.615383 -0.459658 
-0.066329 1.056085 -0.954565 -0.199654 0.079967 0.033659 0.898424 -0.350831 
-0.128803 -0.780078 1.342464 0.048513 -0.064638 1.024925 -0.763077 -0.348927 
-1.124613 -0.340439 -1.048331 1.410790 0.585978 -0.731573 0.385957 -0.442193 
0.046053 1.392352 0.002402 0.747051 0.189838 -0.136039 -1.331629 -0.064214 
-0.352216 -0.861054 -1.244755 -0.861214 0.195771 1.213219 -0.425975 1.413168 
0.038527 -1.277741 -0.618923 0.951570 0.613488 1.481476 0.160659 0.224646 
0.210165 -0.432463 -0.866695 -1.741051 0.423267 -1.295696 -1.451075 0.388034 
-0.065988 1.786454 -1.384872 1.381569 -1.009915 -1.405027 -0.262374 -1.137243 
-1.015010 -0.998273 0.562743 0.449621 1.142208 0.534300 2.077456 0.984185 
-1.182597 0.581334 0.773005 -0.523071 -0.142475 0.940537 -0.466594 0.240749 
0.522666 0.680233 -0.087070 1.122910 1.581271 0.188909 -0.429583 -0.457115 
0.100729 1.566480 -0.139653 -0.524538 -0.336937 0.113075 0.617599 2.197617 
0.728042 0.251409 1.840204 1.383151 0.856868 0.827808 0.381672 -0.427191 
-0.669565 0.506226 1.231308 2.621789 0.749877 -0.977694 0.829397 0.758587 
0.548204 -0.379741 0.502134 -0.549197 0.698128 0.334162 -0.951747 0.876072 
0.692912 -0.769109 0.966273 0.890759 -1.292813 0.489692 -1.617882 -0.330359 
-0.535205 0.107851 -1.871626 1.311023 0.367087 2.087267 1.009565 0.477081 
-0.397107 -1.642529 -0.076835 1.003559 -0.440651 1.228728 1.157084 -0.415804 
0.232400 0.049918 -0.580154 -1.285620 -1.296786 1.002626 -0.673041 1.814467 
-1.270670 -1.959521 -1.008229 1.191017 0.280645 -0.466082 -0.732660 -0.598144 
0.634953 1.915571 -1.169222 0.601428 0.806065 0.905287 0.437854 0.362549 
1.473197 0.022909 0.966585 0.700653 -1.738685 -0.529481 0.291073 1.871954 
0.235285 -0.998531 -0.644733 -1.556689 -1.151764 1.784410 0.029557 2.860439 
0.490365 -0.599082 0.768813 -0.770128 0.449890 -0.380282 -2.226634 -1.822424 
-0.491363 0.062310 -0.285902 -0.748520 -0.316324 -0.240577 -1.838812 0.270914 
-0.326419 1.636432 0.088468 -0.109334 -0.192198 1.358512 0.256235 -2.277033 
0.429994 -0.658523 -1.649555 1.793834 0.400145 -0.305217 -0.254531 0.945089 
-0.075760 -0.470133 1.097621 -0.015349 -1.001788 -0.168664 0.051529 0.374152 
0.132080 -0.565381 -1.400169 1.234694 -0.418503 0.838808 -0.322835 -0.626787 
0.945421 1.547922 -0.685308 0.038934 -0.366408 -0.123249 -0.770277 -0.393129 
0.092842 -1.763773 1.200681 1.427046 0.734175 1.092442 -0.106348 -1.650783 
1.218193 -0.117211 1.958414 -0.284081 1.493860 0.236780 -0.370957 -0.931176 
-1.006819 -0.920488 -0.640410 0.647088 1.398073 0.230564 0.403177 2.615477 
-0.512646 0.005561 0.047368 -0.679316 -0.013886 2.337131 1.572473 -0.313670 
1.317284 0.627967 0.291604 -1.141298 -0.676863 -0.527030 1.387226 0.545537 
-0.566995 -0.579166 -1.054200 1.102865 -1.207502 0.244355 -0.579334 -0.567597 
0.654302 1.560712 -1.468086 1.211602 0.695687 -0.825652 0.247602 1.096994 
0.468279 -0.518647 0.490651 0.087194 -0.724569 -1.213883 -0.684321 0.933957 
1.364981 -0.655832 -1.012377 0.224643 0.632500 -0.421524 0.652919 1.559783 
1.005892 0.360154 -1.391050 0.457665 0.482745 -0.138983 -1.665690 -1.449084 
-0.087387 0.858646 -1.333965 -0.498274 -0.363987 0.407187 0.662814 -1.110835 
0.084819 0.695576 0.001362 2.675189 -0.404365 -0.881431 1.188656 -0.622425 
-0.577085 1.910638 -1.016084 0.201501 -0.593768 0.304174 0.727748 -0.471299 
-1.423096 -0.027266 0.951808 0.412547 -0.694809 0.268940 2.807904 1.075933 
0.640830 -0.963118 0.373210 1.456212 1.604167 -0.969966 -0.427327 -0.384128 
0.882521 1.221937 -1.126486 -1.210823 -0.044265 0.601451 1.037714 0.674201 
-0.530948 -0.348967 -1.377374 0.900044 0.370977 1.902326 0.786648 2.795351 
-1.591013 -0.801882 1.287202 0.906372 0.592988 0.291105 0.635259 0.132290 
1.000038 0.209312 -0.162904 0.263803 -0.356376 0.820537 0.579808 -0.849528 
0.483137 0.655454 1.295164 -1.638396 0.532653 0.290456 0.515231 0.641703 
-0.034251 0.276974 1.456025 -1.132284 0.616164 -1.105767 0.617404 0.324619 
1.039664 0.566848 2.092526 0.807830 -0.119839 0.209531 -0.685111 0.656299 
-1.466010 -0.830969 -0.818047 1.178592 0.589730 -0.140053 -0.785001 -0.323975 
0.798413 -0.402256 1.019069 0.375550 -0.613605 -0.252106 -0.327507 -1.378226 
-1.222981 1.118336 -1.105644 -0.116726 -0.813378 0.540548 -1.523722 0.125864 
-1.678023 -0.332632 1.495379 -0.602579 -0.306480 -0.014529 -0.116274 0.988933 
1.657031 -1.463233 -1.658200 -1.598014 0.698285 -0.133438 -0.073381 1.349038 
0.537847 0.235276 -0.673986 -0.364591 0.964067 -0.193521 -0.985868 -1.465092 
0.786649 0.576726 -1.726336 0.131754 0.938360 1.947939 0.200868 1.017831 
0.719726 -1.009405 0.045975 0.261095 -0.390974 0.561379 -0.661487 -1.113031 
-0.848197 0.362886 0.425525 -0.594033 0.658829 1.654916 0.316855 0.532201 
0.549427 0.423697 -0.988359 0.924489 -1.474111 1.022344 -1.271470 0.550229 
-1.112398 0.578143 0.378992 -0.745160 0.099306 0.173041 -1.015657 0.968356 
-1.890062 -0.251528 -0.494585 1.773685 1.119762 -1.017898 -0.435292 -1.363673 
-0.652537 0.787757 0.967444 -1.576565 0.104489 0.478729 1.648808 0.671647 
0.574910 0.880233 1.661759 1.789103 0.243723 -0.564229 -0.000057 0.631122 
1.803808 -0.080756 0.222515 -0.667812 -1.712991 -0.703528 0.815963 0.323741 
0.422018 -0.415627 0.058011 -1.074488 0.379215 -1.058189 0.484035 0.989841 
0.492494 0.952713 0.964107 1.376273 -1.099241 0.494019 0.766656 -0.254062 
-0.050109 -1.924964 1.228662 0.335015 0.777543 -2.631384 1.206704 1.506200 
-0.520359 0.503622 0.110506 -0.018830 0.203862 -0.292522 0.097603 -1.687807 
0.377512 -2.921428 1.461102 1.233561 -0.171268 0.024275 -0.610564 0.691960 
0.001982 -0.420768 -2.070382 1.325451 -1.767194 1.304473 -0.117263 -0.632004 
-1.021293 -1.688527 -0.580905 -1.014779 0.268654 0.997689 -0.266555 0.089545 
1.325505 0.556901 0.009610 -0.369220 0.968079 0.140008 0.300093 -0.375285 
-1.073165 1.093578 -0.117436 -0.712709 0.825379 -0.105351 0.431936 -0.410295 
-1.591164 1.068761 0.334153 -0.761503 0.282886 0.781553 0.019554 1.959123 
-0.277446 1.280157 -0.377401 1.228933 -0.400851 -1.213825 -0.110615 -0.818587 
-0.750111 -0.366507 0.468094 -1.153614 1.155566 0.556957 -0.712308 -1.309510 
-0.952956 0.113137 0.899539 0.759728 0.151768 1.577561 -0.970315 -1.031553 
-2.729142 -0.905013 0.535639 -0.050978 0.349524 -0.979134 -0.986684 0.153792 
-0.083461 0.786346 2.909134 -0.604954 0.840087 0.910374 0.297758 1.093611 
-1.348297 -0.251347 2.098442 -0.109100 -1.533461 0.369307 -0.567973 1.625516 
0.674350 0.627594 -0.544815 0.437963 -1.106521 0.202316 -1.032428 0.654978 
-0.335070 0.353130 0.595949 -0.390854 0.968762 0.141897 -0.731598 -0.340499 
-2.813442 -0.152076 0.111991 1.455452 0.310009 -0.144183 0.511469 -0.168143 
1.191498 1.534712 0.061015 -0.977818 0.592336 -1.030850 -0.547957 -0.156807 
0.223056 1.098537 -0.534998 1.097411 0.385176 -0.064645 -0.057026 -0.711452 
-1.357245 1.290749 0.460200 -1.897839 -0.398704 0.794664 2.014546 -0.039674 
0.667677 -0.970717 0.542831 1.664661 -0.399101 0.058839 -0.704298 -0.281473 
0.106261 0.573773 -0.068717 1.007601 -0.066439 -1.287109 -1.408893 -0.682167 
-1.329249 1.677834 1.072537 1.453021 0.842458 -0.488140 0.145943 0.554312 
1.556001 -1.624785 -0.860259 -0.047804 1.132716 0.027678 0.382758 0.347922 
0.435479 1.191399 -0.500877 0.244437 0.259350 1.213342 1.256184 -0.203361 
-0.418496 -0.447597 -0.263634 1.778124 1.095141 -0.654871 0.505963 0.081068 
-0.218209 -0.173785 0.492385 0.900422 1.698682 2.199019 -0.108923 -0.418431 
0.150308 0.155527 -0.930243 -1.065697 -0.909358 0.900261 0.706231 1.157193 
-0.106069 0.631276 -3.305009 0.016460 1.134241 -0.052277 -0.461075 0.497237 
-2.780863 -0.860555 -0.793069 -0.942046 0.431773 0.136981 0.890507 0.398302 
-0.786485 1.511643 -0.172273 1.149397 0.887462 0.184607 -1.511667 0.817274 
0.241130 -2.862441 -0.331172 0.230181 0.848613 0.507009 0.912478 1.018368 
-0.806789 -0.151491 -0.305838 0.128420 -0.338587 -1.111853 0.351948 0.707213 
-1.020650 -1.500253 0.709244 0.847558 1.222214 -1.757697 -1.002617 -2.226064 
2.413087 0.981443 0.116115 -0.549455 0.009757 0.631990 -2.361815 1.137283 
0.219951 -0.238449 0.475357 -0.471188 0.997443 -0.047163 -1.091628 -0.505547 
0.869115 0.843485 -0.527127 -0.401746 0.651894 -0.829835 -1.322299 0.609172 
-1.015717 0.162353 -1.548909 0.833717 -1.072434 0.915993 1.040604 -0.386060 
-0.579671 -0.454526 -2.483431 2.182346 0.605594 -0.865295 0.409910 -1.012913 
-0.463224 0.556890 -0.984631 -0.375093 -1.739260 0.581167 -0.262800 -1.585389 
-0.562141 0.207639 1.206880 1.743216 -1.212574 -0.272128 0.453060 0.175095 
-0.412219 1.740518 -0.118661 1.139740 -1.299178 2.199058 0.220842 -1.767868 
-0.700480 0.946866 -0.433428 -0.204798 0.340095 2.286165 3.057212 0.114289 
0.563741 0.783579 0.590629 -1.303778 0.096082 0.203427 0.336093 -0.253700 
0.279408 -0.475225 0.203852 1.615322 1.592836 0.859655 -0.139783 2.147953 
0.183776 -0.448361 1.916580 1.840493 0.695474 0.191127 -0.628103 0.003196 
2.218588 0.156532 0.153079 -0.217997 0.187897 -0.852838 0.656350 -0.655591 
-0.062943 0.419886 1.205747 -0.393340 1.520083 -0.724808 1.282091 -0.653447 
-0.309903 -0.017697 0.090899 -1.362767 1.003213 1.470267 -0.960061 0.999834 
-0.913131 -1.294638 0.859289 -0.094926 0.439509 -0.300514 0.330074 -1.486555 
1.774518 0.423613 -1.135199 -0.239728 -0.389003 -0.232873 -0.031615 -1.104664 
-0.122582 0.721586 -0.743889 -0.820416 -1.032412 -0.993348 -0.125527 -0.055745 
-0.204922 -0.892529 1.030458 -1.907312 -0.770889 -0.606098 -1.747029 -0.343086 
0.153852 -1.308872 -0.606717 1.360582 2.803764 -0.802890 -1.702434 0.406357 
-0.298042 0.003009 -0.199426 -0.806551 1.412789 -0.522762 0.224365 -0.501934 
-0.699169 -1.852085 0.778825 -1.152830 -1.534209 0.207028 -0.842652 1.400922 
-1.694350 0.067207 -0.062931 0.031227 -0.620481 -0.496919 0.257398 -1.759540 
-0.819990 1.901791 -1.058153 0.071011 -0.884706 -1.975532 0.747529 -0.332694 
0.127366 1.566491 -0.779667 0.796236 0.128408 -0.062036 0.652534 0.609250 
-0.369176 -1.360874 0.764523 0.424769 -0.843749 -0.728650 0.110895 0.449547 
-0.135493 0.614056 2.027014 0.301431 0.539466 1.204009 -0.228307 -0.505711 
0.283795 0.568019 -0.072520 -0.588668 0.674389 -0.449038 -0.525720 -0.941060 
0.780692 -1.448198 -0.517962 -0.126127 -2.122359 0.253670 -2.049932 0.451818 
0.293870 0.533715 -0.693883 0.130316 -0.278958 0.088344 -0.213171 1.666636 
-0.138557 1.639516 1.528778 -1.400918 0.692776 -0.662451 0.157944 0.394844 
1.121769 1.291043 -0.278744 -1.146045 0.888735 -0.636731 -0.358157 0.691659 
0.344714 0.893167 0.001725 -0.541479 -1.185184 -1.813580 -0.037704 0.295654 
3.148185 -1.141527 -0.192164 -0.955159 -1.583510 1.485617 0.779713 -0.457501 
-1.309090 -0.273093 -0.217703 0.356906 -0.701295 -2.953659 0.451556 1.114732 
0.848014 -2.130955 0.539685 0.073201 0.612796 -0.518351 -0.432898 -2.262643 
0.613477 0.176674 -0.374019 1.073635 0.344266 -1.551278 0.577346 -0.896486 
-1.329812 0.262551 -0.495129 -2.655649 1.012395 -0.569198 -0.979043 0.346711 
0.038694 -0.532332 0.303848 -2.411125 0.439551 -0.992345 -1.292725 -0.101556 
-0.805434 0.187843 -0.614873 0.887024 1.006456 -0.226145 2.304873 1.561429 
0.487570 -0.569943 0.818131 0.382523 1.297731 0.084636 1.182611 0.467908 
-0.479328 0.166840 -0.230934 0.431722 -0.371428 -1.426931 0.159061 0.545470 
0.489037 -1.098334 -0.631542 0.198940 0.330318 -0.998181 -0.537192 0.183521 
-0.090745 -0.976642 1.232521 0.356220 -0.800360 -0.452139 -1.073475 -0.914716 
-0.400565 -0.810507 -0.136661 0.353744 -1.134056 -1.589276 0.968688 0.148499 
0.635034 -0.094606 0.148978 -0.177809 -1.241687 1.140712 1.372177 -0.510768 
0.892632 -0.268585 1.177702 1.098971 -0.019731 0.988221 -0.868437 -1.401168 
-0.872582 -1.011137 -1.017934 0.414118 -0.347809 -0.210254 -1.661508 -0.223208 
0.049357 -1.027318 1.053473 0.512630 -2.274795 0.406135 0.501440 0.260487 
0.239982 1.380308 0.198699 -0.994640 -0.990179 -0.670431 0.262646 0.279214 
1.366638 1.195279 -0.903992 -0.706993 -1.074298 0.877958 -0.504910 -0.979750 
-1.937665 0.299113 1.075705 -1.095574 -0.483330 1.336258 0.398974 0.283535 
0.270576 -2.099679 0.137837 0.238703 1.109545 0.248477 -0.684842 -1.478394 
0.421800 0.845030 -0.859131 -0.806676 0.716653 -1.788630 -0.148393 -0.138648 
-0.322164 -1.629303 -0.282788 0.264937 -0.977576 0.598313 -0.533965 -0.580247 
0.549723 -0.469756 1.156016 -0.124253 -0.586985 0.424706 1.394928 0.285275 
0.242920 -0.129447 0.019988 0.402758 -0.745972 -0.519442 0.820590 -0.616108 
-0.239964 -0.461198 0.949760 1.454904 -2.093261 0.347784 -0.581010 -0.789998 
-0.826594 1.882984 1.586631 -0.003022 0.787463 -0.851522 0.104577 -0.181631 
0.494443 2.267513 0.885509 -1.076591 1.518209 -1.733834 1.637390 -0.157990 
0.471901 -1.172975 -0.100024 -1.461875 -1.349939 -1.151559 0.714781 0.802207 
-1.019369 0.487945 -1.861145 0.984528 0.988595 -0.253186 1.147276 -0.159738 
0.841466 0.196020 0.274383 0.429067 -2.115688 0.779298 -0.253174 -0.309858 
0.877825 -0.108720 -2.248222 -0.873050 0.432299 0.640504 0.246606 1.084037 
0.207071 0.167461 -1.829898 -0.225797 -0.250298 -0.190494 -1.451193 -0.756691 
1.867725 -0.440177 1.239852 0.785383 0.392544 0.352840 0.106887 0.749272 
0.918769 0.394481 1.461634 1.454434 -1.532029 0.002984 0.630129 -1.725608 
0.765091 0.669817 1.074617 0.885403 -0.268276 1.452907 -0.036175 -0.652153 
1.362006 -0.162352 -0.558764 0.859092 -0.116025 1.091462 0.159743 2.053962 
1.082076 1.332757 0.125824 -0.900985 -0.325109 0.626217 -0.512891 -0.609977 
-0.323865 -2.338329 -0.530728 -0.087718 -0.295252 -0.391275 1.339121 0.388053 
-0.369657 0.705347 -2.318501 -0.997616 -0.512971 -0.438982 -1.166594 1.571523 
1.485182 -1.183639 -0.098119 0.743653 2.201316 0.725404 -0.240656 -1.563824 
0.294191 -0.199587 -0.688728 -0.733222 0.842846 0.816791 -0.116320 0.082688 
2.040277 0.363851 0.816968 0.576974 0.252255 0.791380 0.575710 -1.207741 
0.755366 -0.733235 0.431865 0.340650 -1.220260 0.676350 0.913801 1.089431 
-0.912976 -0.479398 -2.004361 1.392427 0.912714 0.631568 -0.536680 -0.642106 
-0.553834 -1.681607 0.746794 -0.371843 -1.060745 0.201632 0.390004 1.048144 
0.104155 2.548967 -0.858154 -0.003359 -0.191468 -0.864731 -0.344602 0.411252 
-0.166743 -1.459219 -1.437176 -0.280997 -1.171085 1.753765 0.602001 0.172471 
-0.210703 0.652304 0.615039 -0.884624 -0.895425 -0.463027 -0.045095 -0.894257 
-0.871703 0.983471 -2.159491 0.642328 -1.005288 -0.315653 -0.968897 -0.733468 
-0.291258 1.785984 -1.447187 0.306609 -0.876827 0.392277 -0.026466 0.176878 
0.914492 1.889573 -0.295259 -1.435588 -2.125625 2.636309 -0.078774 0.963908 
-2.888928 0.813078 1.267001 0.369607 -0.212103 0.395021 0.147953 -1.468941 
-0.622936 -1.096490 0.729013 0.377610 -1.054801 0.640539 0.813003 -0.113528 
0.103633 0.192560 2.058034 0.045853 0.587204 -3.132153 1.535154 -1.281343 
1.280326 0.593832 -1.636117 -0.312963 -0.499620 0.489719 2.151086 -0.654780 
0.614842 0.909486 -0.656839 -0.897971 0.600978 1.039551 -0.976488 -0.481872 
1.228105 0.148291 2.754276 0.851653 1.954478 0.587310 0.662681 1.091209 
0.850868 -0.159816 -0.024103 -1.193484 1.598523 -0.898381 -0.529872 1.014205 
0.597628 -0.568000 -1.663556 0.953654 -0.441638 -0.541505 -0.958557 0.171832 
0.430023 0.469407 1.488262 0.268470 0.428955 -0.706331 0.361598 0.562018 
-0.159964 -0.415790 -0.602432 0.362516 0.273589 -1.286024 -0.260863 2.262644 
-0.023526 1.240663 -1.509741 -0.688708 -0.163726 -0.585079 1.237216 0.652647 
-1.870712 -0.516173 0.285829 -2.276203 -0.287093 -0.239410 -0.903401 0.320068 
1.017067 -0.212854 0.145468 -0.202573 -0.586342 -0.194432 -0.892211 0.661380 
-1.490014 -0.198357 1.717677 -0.485777 0.203805 -0.277759 -1.209447 0.382773 
-1.958377 1.411030 -0.661147 0.439493 1.149425 0.648887 -0.796996 2.073234 
0.099675 -0.105042 -0.142000 0.382894 -0.212222 -0.561348 0.595328 0.252771 
1.312488 -1.071395 0.338851 1.696746 1.332271 -0.906170 -0.011304 0.253877 
0.754728 -0.282617 -0.269403 -0.629732 -0.111096 -1.006578 0.099492 -0.178442 
0.049427 -0.519773 0.203308 -1.137690 -1.128963 -1.592555 -0.747219 -1.621692 
-0.723422 -0.202608 -1.761020 -0.595613 -0.904442 0.499510 0.305394 -0.527862 
2.087374 1.353808 -1.330357 -0.929453 2.131390 -1.417310 -0.389494 -0.854747 
1.449994 -0.638106 -0.011242 1.394678 -0.720575 -0.829169 -1.754641 -1.001779 
-0.805718 -0.116446 -0.278609 0.292468 -0.619855 0.768261 0.302294 -0.157039 
1.518086 -1.663062 -0.216168 1.040960 0.358798 -0.200843 -1.066779 -0.287092 
-2.454564 1.480331 -1.129212 -0.693872 -0.163367 -0.080026 1.602219 0.080572 
0.497911 0.324832 0.879960 0.929478 -0.507088 -0.193902 2.344252 -0.804207 
-1.100253 -0.660013 -0.134375 0.321507 -0.958588 0.361636 -1.282809 2.297724 
-0.161823 -0.395036 -0.963509 0.236393 -0.702590 -0.280171 1.296037 -2.491381 
-0.549738 -0.348316 -0.108439 0.604319 0.039259 -0.318364 -0.137470 -1.055193 
0.809271 -0.824865 0.614188 -0.181837 -1.297184 -0.303728 0.983900 -0.769403 
0.624949 0.821357 -0.769834 -0.009630 -1.381459 0.279333 -1.373996 0.290989 
-0.715597 -0.303398 0.635801 -0.164618 -1.159810 0.313891 -0.270991 -0.279839 
-0.193653 0.658621 -0.275169 0.857664 -0.429528 -0.143976 -0.530613 -1.332134 
-1.153773 -0.137505 0.732526 0.596805 1.328087 0.441461 -0.236642 -2.063680 
-0.578985 1.140975 -1.403055 0.097977 -1.909122 -0.438784 0.463745 0.099814 
2.352316 -1.520321 0.236301 0.260385 -0.186806 -0.911250 -1.055598 1.160623 
-1.527195 1.198524 -0.181276 0.296803 -0.053526 -0.032322 -0.289014 1.193140 
-0.191566 0.782713 0.097489 -0.983391 -1.300446 0.481617 1.036942 1.818919 
0.025823 0.988265 0.692786 -0.601592 0.864052 -0.145148 -0.767292 0.211255 
0.473612 -0.180064 0.679260 2.181373 -1.572402 0.729006 1.290785 -1.698526 
-2.040187 -2.240415 0.970523 -0.220653 0.305845 -0.976215 -1.119714 -0.016204 
-0.137708 -0.119945 -0.052362 0.270052 -0.146811 0.146558 0.307469 -0.300800 
-0.510793 -1.010987 -0.326126 -1.895172 -0.826810 -0.893600 -0.593741 1.927650 
0.223615 -0.576281 -0.229696 -0.990196 -0.516606 -0.045724 1.124930 -0.800090 
-1.218110 0.980217 -0.368331 0.406263 -0.034985 -0.059877 0.891530 0.601142 
-0.478747 0.727226 -1.194081 1.446675 -0.316799 -0.276097 -1.149610 -0.790704 
0.734325 0.229830 -0.848642 0.421752 -1.291595 -0.720808 -0.553166 -1.157818 
-0.905539 -1.044477 0.825083 -0.003863 1.519945 -0.298055 1.498842 -1.152280 
-1.675619 0.719942 -1.853166 -0.346798 -0.390190 -1.234194 1.591482 -0.505289 
2.125239 1.026320 -1.185953 0.418706 -1.134418 0.904783 0.196015 0.115426 
0.064814 1.515512 -0.420779 0.602627 -0.280405 1.687641 -1.164786 -0.087119 
0.573676 0.787881 -1.814647 -1.013396 0.784150 -0.353158 -3.091420 -0.124009 
1.421386 -0.930857 -2.330861 -0.007601 0.105491 -0.264690 -0.777911 -0.588316 
-0.464536 -1.568541 2.099303 0.363311 0.024799 -0.816686 0.104543 -0.400905 
0.573601 -0.806568 -1.968619 2.502679 -0.763577 -0.206359 -0.971504 -0.018641 
0.370370 0.055250 -0.468145 0.350579 -0.124110 0.479800 -1.111921 0.562348 
-0.835380 -0.833002 -0.325097 0.150541 1.860665 1.080315 1.204950 -0.941981 
0.940291 -0.442539 -0.787474 -1.581451 -0.153406 -0.593359 0.007798 -0.600863 
0.559092 1.364668 -1.880546 -0.732038 -0.336978 0.069626 -0.530933 0.635114 
0.573197 -1.067097 -0.539089 0.808949 0.076606 0.773308 -1.536850 -0.246809 
0.082420 -0.697786 -0.188186 -1.806608 2.485969 -0.190929 -0.225487 0.484249 
0.781378 0.585017 0.034087 0.937589 -1.769482 -0.589881 -0.494522 0.767085 
0.183979 -0.831685 -0.513231 0.615619 -0.110876 -0.624736 -1.398357 -0.402947 
0.728583 0.043610 1.855426 -0.183064 1.228840 -1.384832 0.106051 1.798098 
2.055970 0.015937 -0.944429 0.347680 0.409028 -0.179942 -0.548458 0.212046 
0.056848 1.119521 -1.851053 1.423624 -1.160777 0.711957 0.286904 0.038308 
0.577589 0.842380 -0.649424 -2.482492 0.070183 -0.390910 0.720191 -0.414373 
-0.109158 0.658366 0.320029 0.242924 1.064328 -0.243359 0.911547 0.276679 
1.404240 0.533641 -0.736066 -0.992391 0.341230 0.069825 -1.905919 1.211524 
-0.129561 0.847982 -1.009754 0.649809 1.822522 2.025057 1.459979 -1.679026 
-0.438211 -0.372387 -0.546573 -1.035637 -1.437159 -1.270325 1.015381 2.926411 
1.161848 -0.225931 0.411892 -0.435089 -0.137947 -1.721041 1.879243 -1.228315 
1.576200 0.908468 -0.918410 -1.088025 0.708333 -0.452184 -0.925373 -0.411204 
1.424722 1.150827 0.293703 1.843926 2.225043 1.161138 0.873852 -0.150831 
-0.726385 -0.320843 0.325182 -0.401866 0.627958 0.276092 0.575189 1.481415 
0.057225 -0.444251 -0.365316 0.345340 -0.020539 0.327117 -0.281531 1.731601 
-1.454658 0.132358 -0.405611 -0.418601 -0.224749 -1.249813 0.443059 -0.529407 
-0.032552 -0.782387 -0.295591 -0.264646 1.128752 0.831172 0.068695 -0.393675 
0.820683 1.232585 0.671886 -0.464156 1.137985 0.310347 0.765354 -1.572468 
-0.304107 0.288017 0.978183 0.800448 1.327831 -1.322049 -1.131789 -1.531353 
-1.298158 0.144964 -0.704034 -0.787433 -1.142633 0.515412 0.755289 -0.132367 
-1.724118 -0.867146 -0.688314 -0.030962 -1.382343 0.805430 1.643379 1.526438 
-0.600525 -0.227594 0.872294 0.553032 -1.249039 1.080871 -0.109705 -0.910688 
-0.611379 -1.327101 0.116754 -0.976581 2.894350 1.866485 0.254834 0.313000 
-1.057325 -0.230480 0.625018 -0.748131 -1.108572 0.880793 1.147098 -0.236187 
-0.294480 -0.562883 -0.827028 0.159249 0.610757 -0.278573 -0.429307 -1.720907 
-0.528910 1.451355 -1.692262 1.543649 -1.676765 0.709089 -0.540327 1.280576 
1.254251 -0.130353 -2.162930 -0.328087 -0.323072 2.529102 -2.331807 -0.660756 
-1.994961 1.307935 -0.665588 0.424449 -1.225115 -0.560338 1.546108 1.302979 
-0.297402 -1.630966 0.113516 0.217215 -0.261161 0.651131 -1.015766 0.285312 
-0.968213 -0.453396 0.760764 -0.351569 -0.014177 1.292470 0.985150 0.384121 
1.641593 0.173853 -1.348526 -0.395905 -4.176735 0.137045 1.742535 0.530720 
-0.745588 -0.133191 0.438982 -0.092926 -0.899606 0.568089 -1.014458 0.941696 
-1.093102 -0.514269 0.710877 0.191418 0.787783 -0.476368 0.758572 -0.775679 
-1.794273 -0.704878 1.306333 -1.705689 -0.247660 0.371990 -0.020140 1.281430 
1.892249 -0.907324 0.637906 0.202265 0.197591 1.401928 -1.443834 0.412169 
-0.582352 1.259030 0.527504 0.507475 -0.782503 0.524077 0.601672 1.801729 
0.647797 -0.474488 0.594399 -0.311335 1.455918 0.369997 0.065854 1.428754 
-1.026466 1.683693 -0.145643 -1.217685 -0.628340 -0.018409 0.163311 1.147375 
-0.269766 0.369450 -1.061422 0.601544 -0.138999 -0.320415 0.207831 1.044648 
1.153256 0.633430 1.139484 -1.169391 -1.342370 -2.585143 0.913151 0.708060 
-0.515177 1.240583 -0.029116 1.278717 -0.379818 -0.756563 0.830022 -1.023348 
-1.162608 -0.610779 -0.437615 -0.637675 -0.377990 -1.683227 -0.173320 -0.437783 
1.033204 0.563734 -0.766905 0.242875 -0.387815 0.259465 2.046158 -0.760532 
0.410307 0.920931 0.295666 0.060622 -0.189330 0.748512 -0.160074 -0.055102 
-0.204016 0.211133 0.927750 0.610457 0.603245 -1.909856 -0.463618 -0.338258 
1.558048 -1.071464 0.657951 -1.590517 0.031448 0.750961 0.380734 0.040508 
1.812955 1.071436 1.188819 0.162997 0.970354 0.058789 0.699156 -0.632716 
-1.354866 -0.841513 -0.056025 -1.075638 -0.239546 0.686219 0.303685 1.405312 
0.596301 0.400173 -0.437972 0.956819 -1.845675 0.190768 1.193440 0.341908 
0.303435 1.490198 0.940164 -0.587039 -1.745993 -0.706019 -0.644511 -0.401773 
0.210244 1.999667 0.889669 0.396830 -0.855366 1.859783 0.766512 -0.243866 
-0.370823 0.176148 2.384630 -1.313521 0.222592 1.720226 1.021845 -0.526419 
0.544236 -1.237403 0.479190 -0.926089 2.301138 0.734783 0.833922 -1.287293 
-0.851649 0.725553 0.706121 0.445289 -0.016226 -0.275571 0.479859 -0.624740 
0.221355 -1.411919 -1.957632 -1.921697 0.237110 0.337983 -1.157074 -0.499686 
0.619578 0.030166 0.402356 -0.742978 0.466492 -1.389061 -2.031867 -1.026677 
0.788180 -0.315549 1.777671 -0.097624 1.376487 0.883576 -0.076016 0.378637 
-0.953334 1.712897 0.377384 -0.865675 2.159109 0.341155 0.151950 1.005745 
0.865356 0.493843 0.420760 0.728583 -2.509927 -1.440184 1.374950 1.041544 
0.071153 -0.814403 0.102319 -1.274458 0.343850 -0.316775 -1.655863 0.440232 
-0.783347 1.274309 -3.104049 -1.254224 -1.372755 1.116582 0.169867 -0.956786 
-1.156980 0.936459 -0.005340 0.142247 0.797548 0.170179 -0.649948 -2.478659 
0.650255 -0.715857 -0.721884 0.914910 0.968509 -0.119611 -1.538277 -1.396029 
0.611268 1.274036 -0.314271 -0.682791 -1.348684 -0.577596 -1.031438 -0.050965 
0.807237 0.121082 0.612762 -0.690747 0.439830 -0.729223 1.745326 0.501703 
0.083242 2.573460 -0.390667 0.158882 0.374827 -0.599461 -1.595264 0.216643 
-0.703874 1.097018 0.729411 -0.102692 -0.084797 1.160408 1.345292 1.024863 
0.952106 -0.041082 0.165811 0.760215 0.028432 -1.144656 0.127721 -0.292585 
1.067774 -0.164250 -0.930181 0.630966 1.426248 0.340788 0.244306 -0.459492 
-0.536540 0.253143 -2.235741 -0.079355 -0.145432 0.512836 -3.406692 0.784772 
-0.772732 -1.758084 1.200185 -0.266104 -0.352099 0.140041 0.400725 0.405934 
-0.380725 -0.786440 0.496374 0.343850 0.164034 1.097280 0.811536 -0.221835 
-0.546187 -0.559839 0.959220 0.611113 -0.049508 1.528069 0.465263 -0.735617 
0.087649 -0.972653 -0.128004 0.546804 -0.189713 1.205418 -0.353991 -2.216311 
-0.578560 0.592313 -0.956214 0.269643 -0.870342 0.545546 0.511025 1.301448 
1.452373 -0.263353 0.477225 -0.095013 -0.235139 0.287853 -0.761337 -0.265649 
-1.119811 -0.175256 -1.515692 1.235780 0.404859 -0.828041 -0.535145 -0.434973 
1.497543 0.074199 0.431536 -0.920952 1.394750 -0.623982 0.048515 -0.630833 
0.472867 -0.880959 -0.041511 -0.118729 1.486428 0.134564 -2.106977 0.993873 
0.523999 -0.548698 -1.506324 1.423700 -0.070644 -0.360109 -0.162201 -0.004406 
-0.126532 -1.428590 -1.279235 0.516206 -0.006825 1.091318 -1.277418 1.077314 
0.153847 -1.527899 3.191688 0.031157 1.118513 0.011624 -0.589346 0.916910 
-1.206913 1.535232 0.211891 2.563366 -0.254336 -2.406921 0.280564 -0.789323 
-0.120145 -0.508515 -1.026088 -0.667721 -1.147382 0.263690 0.641073 0.993286 
-0.464823 -0.152068 0.409158 -0.161073 -0.662866 0.040203 0.552397 0.029831 
-0.922079 -0.848925 1.407823 0.224575 -0.085801 -0.295400 0.720477 -0.249837 
0.828030 1.015986 -1.236140 1.186461 0.237385 -1.024161 -1.021385 -0.175749 
0.922210 0.581491 2.073975 1.575152 -1.229251 0.270456 1.965550 0.696404 
0.027844 1.104672 -1.782329 -0.935659 1.138808 1.576111 -1.671277 -0.104014 
1.832581 1.056740 0.335122 -0.452725 0.974046 0.289154 1.055057 -0.935564 
1.033376 -0.267858 1.610409 1.832230 -0.748776 -1.105557 -0.751400 -1.471934 
-1.287565 0.399728 0.710415 -1.640981 0.361771 0.156655 0.047785 0.604108 
0.077924 0.251103 1.070636 -1.206916 0.518972 2.751624 1.275588 0.202362 
0.160000 0.483145 1.054525 -1.262201 0.703406 -1.050198 0.783911 -0.149427 
0.349952 -0.576911 0.630198 -0.464128 0.287797 -1.838575 0.571672 -0.244224 
-0.790695 0.603534 -1.740221 1.340798 -0.152092 -0.694354 -0.172258 1.293823 
0.514702 0.357446 1.929325 -0.387730 1.656953 0.205458 0.304128 0.040378 
-1.041723 -1.520835 -1.791142 -1.226445 0.423541 0.147084 0.828532 -0.441137 
0.773541 -0.321855 -1.928741 -0.488230 1.340412 -0.882552 -0.979193 1.804598 
-1.272153 0.908439 1.375210 -0.051136 -1.167937 -0.380011 -1.099206 0.948929 
1.006263 -0.522402 0.892735 -0.780641 0.846407 0.184380 0.230454 -1.241249 
-1.092559 0.815166 0.049342 -1.155287 1.113858 -0.459664 0.059796 -0.637858 
0.189055 -1.389838 0.113859 0.460236 -0.381410 -0.437541 0.587019 -1.129733 
1.112719 0.599720 1.075508 -1.385346 0.116494 0.311282 -1.197692 0.454165 
-2.011037 -1.744691 0.487332 0.623676 1.314660 0.513141 -1.291292 0.418869 
-0.724922 -0.816323 1.216241 1.163165 1.406627 0.173373 1.789672 -1.312789 
-0.439690 -0.388221 0.948828 -1.112739 0.332367 -0.357027 -1.059997 0.430260 
0.517123 -0.028940 0.253581 0.327037 -1.511988 -0.693127 0.461128 -0.154423 
0.654077 2.484772 1.772772 -0.730977 -0.297359 1.064740 -0.476139 0.129324 
0.877721 -0.231439 -0.140449 0.938614 1.539187 0.432127 0.104139 0.444530 
-1.117032 0.262274 -0.567375 1.896840 0.337537 0.656248 -0.687791 -1.061309 
-1.041913 -0.184176 0.675252 -0.434151 1.087217 0.901259 1.009342 0.403756 
0.721785 0.056009 0.446928 0.130113 1.175898 0.200474 0.700866 0.121262 
-0.198779 0.516732 -1.147187 2.340617 1.510488 0.696264 0.450447 -0.999634 
0.887989 -0.117766 -0.615224 1.283622 -1.891023 0.185934 -0.126758 -0.910397 
0.937990 1.091761 -1.293271 -0.438966 -0.081061 -0.437379 1.473931 0.451688 
-0.706420 -0.251664 -0.532925 0.202025 1.564792 0.377977 1.077045 -0.387753 
0.261479 2.365594 -0.208939 -0.516454 0.354815 0.031350 1.117118 0.465062 
2.009891 -0.741821 0.294050 -1.303399 -1.202063 -1.699414 0.594938 0.335548 
-0.658449 -0.856394 -0.410849 -2.830115 1.406890 -0.513417 0.354443 1.450074 
1.210025 0.636244 -0.319166 0.835082 -1.499511 -0.821883 1.098374 -0.082372 
-1.018694 -0.613736 -0.683673 -0.921859 -2.250330 1.442535 -0.086031 0.438176 
-0.712413 0.916271 -1.304742 0.446311 -0.200196 -0.227458 0.240040 2.384517 
2.061555 0.640373 2.837006 0.701211 0.249634 -1.608307 1.015910 1.675048 
0.990882 0.380971 -1.304324 1.391681 -1.557248 -0.958425 0.000609 -1.875593 
1.244180 0.394316 -0.921211 -1.223334 0.531968 0.734361 -0.267029 1.370229 
-0.595276 -1.723510 0.850776 0.124638 -2.007477 -0.918505 -1.954549 0.733130 
1.052077 -0.802965 -0.757293 -0.084423 0.153878 -0.047999 -2.035200 -1.040603 
0.573134 -0.359281 0.368746 0.543674 -0.548388 1.390974 1.034219 1.107507 
0.320307 0.748969 1.440911 -1.485076 -0.937069 1.152324 0.283157 1.378877 
-0.845014 -1.380671 0.000596 -1.699923 0.725952 1.207869 -0.762238 -1.457670 
0.057223 0.535180 0.531225 1.625550 -0.104720 0.553344 0.393486 -0.124989 
-1.089303 -0.291937 0.110969 0.004767 0.677479 1.065473 -0.119385 -0.601577 
-0.814626 1.498124 -0.112233 0.535085 1.172080 -0.347908 0.740631 1.863509 
-0.721916 -0.906114 0.230727 0.529933 -1.169414 1.484621 0.739290 -0.411504 
-1.086327 0.674570 1.209972 -1.277906 -0.294036 0.327699 0.455325 -1.256613 
1.814826 0.807932 1.243089 0.849783 -0.593025 -2.233775 1.244957 0.730497 
0.408298 0.705264 -0.549495 0.142386 0.261874 0.354790 1.628031 0.072232 
0.462191 -0.333284 -1.130824 1.144933 -1.727587 -2.066383 1.251551 -0.629319 
0.771568 0.146762 0.752558 0.886662 0.881340 0.810943 -0.533275 -0.961287 
0.742539 -0.870409 0.805552 -0.108379 -0.524455 -1.642653 0.693386 -0.860878 
0.907511 0.276832 -1.107148 0.219390 -0.871501 0.394622 0.701873 0.787907 
0.141111 -0.176707 -0.378181 0.020161 0.621760 -0.149499 0.751993 -0.130550 
1.012615 -0.166766 -0.177466 -0.227507 -1.657512 0.477317 0.240094 0.307736 
0.826602 -0.025218 0.453109 -0.464700 0.005378 0.140552 -1.042842 0.856230 
-0.546223 0.552544 -0.261984 -1.189199 1.347025 -0.040625 1.113393 -0.799761 
0.049954 0.240288 -0.257459 -1.318638 1.766194 0.844836 0.646745 -1.037436 
-0.219081 -0.012010 -1.470722 -1.646326 -0.361707 -0.072075 -2.006645 -0.314078 
0.244607 -1.747808 -0.552695 0.253022 -0.639552 0.650816 -0.079015 -1.050444 
-1.535415 0.674759 0.097712 -0.220704 -2.113062 -0.166495 1.092422 -1.074559 
-1.217234 -0.851375 -1.064553 1.224651 0.215590 -2.661946 -1.721561 -1.089535 
1.037049 -1.220133 0.442936 -0.908940 -0.013465 1.159208 1.614730 -0.160697 
-1.691958 0.984153 0.063734 0.737875 -0.568287 0.035018 1.753454 0.033051 
-0.085349 0.347469 0.367765 0.613558 -0.558213 0.845050 0.199650 -0.823058 
0.451778 -2.206645 -0.175015 -0.308127 -0.241140 -0.427499 2.044923 1.668707 
-0.553894 0.943281 -1.498645 -1.799571 0.770136 -0.159261 0.573345 0.168129 
0.013631 -0.436173 0.245835 0.226756 0.522991 0.492004 -1.090655 0.351570 
0.612631 -0.041306 0.889357 -0.271406 -2.012333 1.022320 -1.493316 -1.125709 
-0.841961 -1.932616 0.028773 0.845393 -0.530149 -0.398794 -1.321255 -0.208927 
0.846825 0.246821 -0.854375 1.024234 -1.076717 0.081671 0.934557 1.396753 
-0.050685 -0.509387 0.691941 -0.132106 1.324455 -1.029892 -0.990190 -0.692706 
-0.388272 0.703460 2.190239 1.219744 -0.613858 -0.634402 0.235342 0.481744 
-2.838369 1.185504 -0.647291 0.025964 0.795145 -1.690929 0.147707 -0.524895 
-0.179659 -0.486600 -0.689200 0.420616 -0.767026 0.249905 -0.058428 1.896027 
-0.984911 -0.090141 -0.481877 -0.209314 0.474366 -0.438974 0.367680 0.241150 
0.148464 0.012651 -0.072959 0.179771 -1.171598 -0.698439 -1.040720 -2.460603 
1.103646 -2.481521 -1.114665 -0.259556 1.147888 0.884622 -0.350920 -0.236405 
0.786825 0.393051 -0.653330 -2.846146 -0.875757 1.038320 0.809789 0.619542 
1.446570 0.644447 0.778142 1.602775 -1.726329 0.006485 -0.847405 1.378497 
0.264171 -1.934220 0.406273 -0.360884 -0.142954 0.138888 0.878742 -0.765829 
0.197506 1.034846 0.369353 -0.010128 -1.646381 0.481869 1.238035 -0.194831 
0.504513 0.713311 -0.677651 -0.796578 1.438485 -1.188858 1.039976 1.277093 
2.038528 -0.167461 -0.024833 0.014894 2.483055 -0.075385 -0.178332 0.594884 
-0.067418 -1.183721 -1.923676 -1.833955 0.012895 -0.286310 0.532656 0.217783 
0.735670 -0.385959 0.656826 -0.260030 1.399786 -1.551388 1.743505 1.307047 
0.847324 0.187741 -1.463111 2.356800 1.398275 1.183686 -0.455843 -1.237112 
-0.053588 0.711332 -0.157575 -1.525516 -0.552106 0.621614 -0.040400 -1.527892 
0.378040 1.080179 -0.174846 -0.336306 0.300962 -0.543465 0.387508 1.269856 
-0.037164 0.495744 0.230633 0.554673 -1.640003 0.085347 0.961824 1.085242 
-0.381036 -0.645306 -1.951519 0.703626 0.568270 -0.499267 0.495429 0.968165 
-0.736362 0.124512 -0.216476 1.678121 1.018149 0.155086 -0.208010 -0.939181 
1.885220 1.073875 -0.334223 -1.252335 -0.766780 -0.182427 -1.384050 1.487933 
-1.001866 -0.725851 -0.462682 -1.314782 0.554188 0.739568 1.003098 0.003662 
-0.304936 1.360853 0.327939 -0.826394 -0.755017 0.094972 0.112262 -0.255970 
-0.074300 -0.099083 -1.202184 0.167031 -0.627156 2.068563 0.472364 -0.616059 
-2.020887 0.290751 -0.104112 -0.530110 0.774154 1.224308 0.273350 1.141386 
-2.256633 -1.228902 -0.654172 -1.271551 0.549391 -0.083644 -1.563303 -1.617870 
0.610829 0.570671 -0.183141 -0.656002 0.280295 0.149653 0.206737 -0.137554 
-0.335053 0.794082 -0.383061 -1.250449 0.648284 -0.165148 0.022143 -0.218609 
-0.257437 0.883857 -0.050025 -0.797950 -0.031565 -0.998071 -0.321242 -1.201935 
-0.531474 1.629102 -0.518936 -0.487054 0.355895 -2.749787 0.253648 -0.786127 
-1.350177 -0.851812 0.520268 -1.407074 0.839561 -0.388931 -0.759796 -0.685474 
0.723236 -1.021551 -1.245321 0.184578 -1.059663 0.424963 -0.804263 0.474318 
1.641041 -1.285271 0.184212 -0.440091 -0.168286 -2.215370 0.109995 -1.029260 
0.448248 0.529087 -0.110831 -1.203777 0.750676 0.968248 -1.188619 1.061146 
0.133932 1.913073 1.228253 -1.028462 -1.070708 -1.064552 0.810732 -1.100726 
0.643741 0.299992 -1.439297 -0.258203 -0.595501 -1.856539 -0.697531 
