-0.108358 0.211586 -0.098779 0.210000 0.536930
0.238493 0.663742 0.250779 0.658670 0.681290
-0.068277 0.412643 -0.072848 0.413205 0.755970
-0.298154 0.394174 -0.290472 0.390901 0.800400
0.125206 0.868737 0.146049 0.879858 0.836860
-0.185455 0.435436 -0.173007 0.432268 0.859020
0.328172 0.779303 0.317584 0.792319 0.875140
-0.229045 0.762575 -0.221203 0.759470 0.890020
0.132061 0.578810 0.127235 0.578490 0.899370
0.029589 0.512828 0.035992 0.513533 0.908750
0.061382 0.501167 0.062961 0.501698 0.918210
-0.120999 0.502131 -0.123088 0.504368 0.923500
0.023925 0.569306 0.024550 0.566337 0.928800
0.007752 0.514602 0.013168 0.514114 0.934070
0.037575 0.486622 0.038618 0.485068 0.937160
-0.023815 0.508271 -0.006883 0.508086 0.942000
0.122570 0.600780 0.129676 0.601561 0.944080
0.036167 0.534085 0.058983 0.534753 0.946840
-0.015791 0.483133 -0.019227 0.482091 0.950360
0.016916 0.535993 0.022926 0.536458 0.952840
